1.0		1.3695446e-05
0.999987272387		1.6128731e-05
0.999949078137		2.3430513e-05
0.99988538274		3.5606624e-05
0.999796127742		5.2666962e-05
0.999681229337		7.4625749e-05
0.999540576367		0.000101501905
0.999374027715		0.000133319533
0.999181409068		0.000170108521
0.998962509009		0.000211905264
0.998717074396		0.000258753521
0.998444806963		0.000310705031
0.998145413261		0.000367809948
0.997818642255		0.000430109654
0.997464259271		0.000497641713
0.997082032388		0.00057044245
0.996671667542		0.000648559276
0.996232846271		0.000732043453
0.995765239461		0.000820947435
0.995268459951		0.000915333828
0.994742056528		0.001015276459
0.994185540259		0.001120855291
0.993598421317		0.001232149369
0.992980262201		0.001349226693
0.992330631403		0.001472152971
0.991649076991		0.001600996568
0.990935025851		0.001735847449
0.990187833037		0.0018768077
0.989406812873		0.002023985515
0.988591277462		0.002177487835
0.987740532019		0.002337421128
0.98685385095		0.002503895784
0.985930469202		0.002677027596
0.984969578223		0.002856938364
0.983970331583		0.003043754673
0.982931846742		0.003237607383
0.981853206248		0.003438631229
0.980733453449		0.003646965411
0.979571590579		0.003862753745
0.978366577028		0.004086144743
0.977117328641		0.004317291492
0.975822717335		0.004556351455
0.974481570857		0.004803486228
0.973092670229		0.005058861698
0.971654747684		0.005322648089
0.970166484807		0.005595019943
0.968626511775		0.005876155864
0.967033405511		0.006166238444
0.965385688068		0.006465454105
0.963681825601		0.006773992803
0.961920227266		0.007092047711
0.960099243652		0.007419814951
0.958217165764		0.007757493181
0.956272225721		0.008105282837
0.954262593849		0.00846338598
0.952186374508		0.008832006312
0.95004160344		0.00921134886
0.947826248593		0.009601618992
0.945538206791		0.010003022106
0.943175303614		0.010415762693
0.940735292782		0.010840043429
0.938215854901		0.011276064306
0.935614597263		0.011724021521
0.932929054013		0.012184106223
0.93015668511		0.012656503405
0.927294875885		0.01314139062
0.924340937068		0.013638936529
0.92129210663		0.014149299085
0.91814555136		0.014672623687
0.914898363981		0.015209042006
0.911547560977		0.015758670596
0.908090087456		0.016321608272
0.904522818521		0.016897934008
0.900842563903		0.017487704251
0.897046073876		0.018090950004
0.893130042973		0.018707674239
0.889091118387		0.019337848565
0.88492590013		0.019981411205
0.880630938422		0.02063826536
0.876202745733		0.021308275337
0.871637804238		0.02199126347
0.866932580504		0.022687006092
0.862083539379		0.023395229811
0.857087154547		0.024115608522
0.851939920802		0.024847760396
0.846638358259		0.0255912463
0.841179028896		0.026345566763
0.835558553281		0.027110159353
0.829773628727		0.027884396349
0.823821047184		0.028667583019
0.817697713987		0.029458956392
0.811400678913		0.030257683177
0.80492717392		0.031062857773
0.798274626384		0.031873504317
0.791440682743		0.032688578281
0.784423234584		0.033506968746
0.777220448406		0.03432750129
0.769830804923		0.035148940945
0.762253145402		0.03596999567
0.754486687756		0.036789324371
0.746531044655		0.037605545547
0.738386248916		0.038417246006
0.730052803293		0.039222988085
0.721531726591		0.040021318334
0.712824582723		0.040810778639
0.703933499297		0.041589918668
0.694861186389		0.042357308317
0.685610963141		0.04311154928
0.676186762963		0.043851287918
0.666593151768		0.044575226124
0.656835361378		0.045282130044
0.646919278792		0.045970840715
0.636851462334		0.046640280834
0.626639101637		0.047289463149
0.616290030115		0.047917492727
0.60581274078		0.048523566843
0.595216334017		0.04910697633
0.584510550837		0.049667099314
0.57370569686		0.050203398522
0.562812658367		0.050715411152
0.55184285939		0.0512027399
0.540808178841		0.051665043722
0.529720880055		0.052102026205
0.518593530647		0.05251342319
0.507438908677		0.052898990303
0.496269939667		0.053258489463
0.485099607868		0.053591677177
0.473940888597		0.053898293569
0.462806664974		0.054178053897
0.451709656138		0.054430642133
0.440662350965		0.054655707207
0.429676940313		0.054852862272
0.418765259021		0.055021686806
0.407938731784		0.055161731655
0.397208325258		0.055272526765
0.386584504543		0.055353591345
0.376077193233		0.055404446017
0.365695736322		0.055424626453
0.355448869486		0.055413697885
0.345344695502		0.055371269967
0.335390666411		0.055297011431
0.325593571905		0.055190664021
0.315959532515		0.055052055225
0.306494000595		0.054881109432
0.297201768051		0.054677857247
0.288086979929		0.054442442748
0.279153152798		0.054175128567
0.270403195003		0.053876298667
0.261839426901		0.053546458722
0.253463603381		0.05318623423
0.2452769393		0.052796366527
0.237280138183		0.052377706985
0.229473422941		0.051931209608
0.221856567691		0.051457922302
0.214428930236		0.050958977077
0.207189484989		0.050435579497
0.200136853957		0.049888997479
0.193269337392		0.049320549796
0.186584944964		0.048731594633
0.180081424661		0.048123518185
0.173756290269		0.047497723553
0.167606849969		0.046855620343
0.161630232362		0.046198614798
0.155823410029		0.045528100522
0.150183225386		0.044845450425
0.144706411676		0.044152009152
0.13938961269		0.043449086383
0.13422940522		0.042737951568
0.129222312676		0.042019828563
0.124364824556		0.041295892061
0.119653410377		0.040567264283
0.115084530961		0.039835012169
0.110654655877		0.039100146446
0.106360266728		0.038363619248
0.102197876035		0.037626325069
0.098164026539		0.036889099108
0.094255307662		0.036152719215
0.090468354666		0.035417905322
0.086799860583		0.03468532171
0.083246576601		0.033955577536
0.079805319725		0.033229229161
0.076472973714		0.032506781447
0.073246494492		0.031788690274
0.070122909358		0.031075363936
0.0670993237		0.030367166416
0.064172914582		0.029664417802
0.061340943895		0.028967399413
0.058600741018		0.028276351686
0.055949728161		0.027591482628
0.053385387744		0.026912961717
0.050905301867		0.026240932365
0.048507108		0.02557550238
0.046188541938		0.024916757792
0.043947400628		0.024264754803
0.041781563005		0.023619527708
0.039688989923		0.022981091217
0.037667694447		0.022349433414
0.035715797121		0.021724534901
0.033831451165		0.02110634731
0.032012914281		0.020494818148
0.030258499244		0.01988987688
0.028566573912		0.019291436219
0.026935616485		0.018699413681
0.025364113113		0.018113696831
0.023850669278		0.017534185457
0.022393935129		0.016960766427
0.020992593239		0.016393309545
0.019645466086		0.015831713089
0.018351352658		0.015275839424
0.017109162807		0.014725572096
0.015917891468		0.014180809574
0.014776493398		0.0136414097
0.013684110498		0.013107297678
0.012639874735		0.012578378678
0.011642919489		0.012054541977
0.010692595201		0.011535779663
0.009788146213		0.011022022279
0.008928903739		0.010513243967
0.008114384277		0.010009536218
0.007343921579		0.009510893567
0.006617030733		0.009017444205
0.005933337632		0.008529434998
0.005292218575		0.008046987064
0.004693298847		0.007570468027
0.004136223398		0.007100370113
0.003620310437		0.006637029702
0.003145113666		0.006181129154
0.002710133389		0.00573351603
0.002314451618		0.005294842167
0.001957232875		0.0048660957
0.001637579881		0.004448545797
0.001354135786		0.004043260881
0.001105318198		0.003651352383
0.00088947659		0.00327424702
0.000704627586		0.002913275188
0.000548506789		0.002569638978
0.000418662215		0.002244463924
0.000312521225		0.001938824774
0.000227444797		0.001653755994
0.000160786441		0.001390296834
0.000109911899		0.001149390688
7.2165717e-05		0.000931290112
4.5080192e-05		0.000736033788
2.6437819e-05		0.000563657662
1.4274856e-05		0.000414194556
6.884245e-06		0.0002876738
2.817972e-06		0.000184120829
8.88951e-07		0.000103557004
1.72473e-07		4.599931e-05
7.288e-09		1.1459923e-05
-3.643e-09		0.0
7.643e-09		-1.2573181e-05
1.75647e-07		-5.0113309e-05
9.02285e-07		-0.000112647466
2.855632e-06		-0.000200124965
6.967223e-06		-0.000312474041
1.4428198e-05		-0.000449600169
2.6684226e-05		-0.000611384383
4.5429117e-05		-0.000797681241
7.2597017e-05		-0.001008316457
0.000110353033		-0.00124308406
0.000161082136		-0.001501743214
0.000227342528		-0.001783882851
0.000311734707		-0.002088626868
0.000416906896		-0.002414996215
0.000545527449		-0.002761965885
0.000700231855		-0.00312843173
0.000883529561		-0.003513120181
0.001097710748		-0.003914556827
0.00134479304		-0.004331124992
0.001626468469		-0.004761099695
0.001944362217		-0.005203081455
0.00229990039		-0.005655739981
0.002694063759		-0.006117535879
0.003127736446		-0.006587182503
0.0036018851		-0.007063752659
0.004117065528		-0.007546127268
0.004673749216		-0.008033342372
0.005272653583		-0.008524815036
0.005914175503		-0.009019815665
0.00659870592		-0.009517735485
0.007326893685		-0.010018235429
0.008099138511		-0.010520858392
0.00891593703		-0.011025268872
0.009777976627		-0.011531279744
0.010685758942		-0.012038613528
0.011639967703		-0.012547115219
0.012641377493		-0.013056680994
0.013690654522		-0.013567152797
0.014788685474		-0.014078479852
0.015936356576		-0.014590600571
0.017134547498		-0.015103442025
0.018384326817		-0.015617000856
0.019686719899		-0.016131239987
0.021042845805		-0.016646145572
0.022453930238		-0.017161727118
0.023921177792		-0.017677968717
0.025445939669		-0.018194888946
0.027029592722		-0.018712495559
0.028673568916		-0.019230795904
0.030379416022		-0.019749814611
0.03214869073		-0.020269559219
0.033983068407		-0.02079005299
0.03588427183		-0.021311312462
0.037854089936		-0.021833352706
0.039894411179		-0.022356195229
0.042007160253		-0.022879850727
0.044194373925		-0.023404337829
0.046458135892		-0.023929666083
0.048800622024		-0.024455846381
0.051224082279		-0.024982885835
0.05373083692		-0.025510786413
0.056323299424		-0.026039549072
0.059003942946		-0.026569166
0.061775340018		-0.027099627898
0.064640122104		-0.027630915118
0.067601017297		-0.028163004
0.070660816009		-0.028695859478
0.073822398928		-0.02922943907
0.077088711511		-0.029763687227
0.08046278274		-0.030298537238
0.083947705459		-0.030833906583
0.087546649339		-0.03136969744
0.09126284321		-0.031905792255
0.095099585254		-0.032442053381
0.099060224537		-0.032978318335
0.10314816986		-0.033514398778
0.107366869615		-0.034050075298
0.111719818399		-0.034585095585
0.116210536799		-0.035119168928
0.120842572427		-0.035651963196
0.125619482949		-0.036183099419
0.130544827834		-0.036712147249
0.135622156582		-0.037238619826
0.14085499078		-0.037761967871
0.146246814548		-0.038281574558
0.151801052442		-0.03879674906
0.157521054189		-0.039306720823
0.163410075153		-0.039810633495
0.169471252573		-0.040307538713
0.175707585793		-0.040796390531
0.182121910435		-0.041276039783
0.188716871955		-0.041745229023
0.195494900251		-0.0422025883
0.202458180011		-0.042646631579
0.209608620795		-0.043075754333
0.216947827667		-0.043488232547
0.224477070143		-0.043882223214
0.232197250492		-0.044255766642
0.24010887285		-0.044606790865
0.248212012557		-0.044933118339
0.256506284344		-0.045232475074
0.264990811162		-0.045502502468
0.273664193273		-0.045740772004
0.282524476438		-0.045944802866
0.291569117033		-0.046112082583
0.300794945036		-0.046240090813
0.310198125006		-0.04632632632
0.319774116065		-0.046368337107
0.329517633676		-0.046363753557
0.339422618649		-0.046310324213
0.349482220105		-0.046205953486
0.359688794355		-0.046048740323
0.370033919872		-0.045837016697
0.380508427774		-0.045569384729
0.391102449219		-0.045244751172
0.401805481483		-0.044862357888
0.412606458755		-0.044421807597
0.423493838607		-0.043923083619
0.434455678911		-0.043366563899
0.44547973265		-0.042753027716
0.456553539319		-0.042083655564
0.467664479214		-0.041360024584
0.478799902183		-0.040584092779
0.48994711861		-0.039758186129
0.501093566532		-0.038884967896
0.512226766146		-0.037967418234
0.523334448423		-0.037008796588
0.534404544475		-0.036012611457
0.545425158278		-0.034982590141
0.556384718806		-0.033922629962
0.567271905368		-0.032836768734
0.578075863255		-0.031729126219
0.588786068524		-0.030603879854
0.599392494416		-0.029465210843
0.609885591514		-0.028317270101
0.620256335161		-0.027164139009
0.630496306545		-0.026009788329
0.640597627487		-0.024858056079
0.650553090167		-0.023712606499
0.660356079694		-0.022576915655
0.670000640408		-0.021454244128
0.679481447241		-0.020347624035
0.688793764092		-0.019259851098
0.697933496862		-0.018193468946
0.706897125093		-0.017150770712
0.715681721439		-0.016133793318
0.724284929087		-0.015144319371
0.732704922257		-0.014183883424
0.74094039676		-0.013253776885
0.748990524347		-0.012355058893
0.756854923527		-0.011488566762
0.764533631941		-0.010654927487
0.772027068581		-0.00985457128
0.779336019602		-0.009087743272
0.786461619409		-0.00835451634
0.793405328884		-0.007654804638
0.800168905551		-0.006988378123
0.806754380604		-0.006354876352
0.813164036955		-0.005753822062
0.819400368128		-0.005184636221
0.82546605471		-0.004646650893
0.831363945105		-0.00413912124
0.837097023289		-0.003661238071
0.842668387844		-0.003212138718
0.848081237973		-0.002790916717
0.85333884963		-0.002396631622
0.858444554533		-0.002028317859
0.863401730494		-0.001684992046
0.868213786939		-0.001365660076
0.87288414841		-0.001069323669
0.877416244863		-0.000794985848
0.881813502336		-0.000541655841
0.88607933062		-0.000308353607
0.890217111177		-9.4113777e-05
0.894230193089		0.000102011334
0.898121885681		0.000280948957
0.901895452748		0.000443603595
0.905554106184		0.000590855107
0.909101003595		0.000723557304
0.912539243736		0.000842536748
0.915871863571		0.000948591908
0.919101834126		0.001042492524
0.922232060493		0.001124979327
0.925265378883		0.001196763863
0.928204556697		0.001258528566
0.931052290165		0.001310926926
0.933811205013		0.001354583851
0.936483855281		0.001390096105
0.939072723775		0.001418032871
0.941580221895		0.001438936374
0.94400868958		0.001453322592
0.946360396905		0.001461682009
0.948637543527		0.001464480415
0.950842260833		0.001462159736
0.952976612163		0.001455138883
0.955042594023		0.001443814615
0.957042137958		0.001428562402
0.958977110959		0.001409737302
0.960849317528		0.001387674814
0.962660500778		0.001362691732
0.96441234363		0.001335086985
0.966106470583		0.001305142456
0.967744448813		0.001273123787
0.969327789652		0.00123928116
0.970857950054		0.001203850059
0.972336333888		0.001167052002
0.973764293313		0.001129095257
0.975143130126		0.001090175525
0.976474097092		0.001050476605
0.97775839922		0.001010171021
0.97899719511		0.000969420638
0.980191598263		0.000928377234
0.981342678177		0.000887183067
0.982451461453		0.000845971407
0.98351893294		0.000804867042
0.984546037076		0.000763986757
0.985533679389		0.000723439773
0.986482727793		0.00068332817
0.987394012909		0.000643747327
0.988268328189		0.000604786351
0.989106429939		0.000566528501
0.98990904047		0.000529051438
0.990676850888		0.000492427459
0.991410526216		0.000456723595
0.992110699848		0.000422002187
0.9927779705		0.000388321361
0.993412888964		0.000355736033
0.994015972673		0.000324297492
0.994587716988		0.000294053073
0.9951286118		0.000265045481
0.995639135805		0.000237313251
0.99611973447		0.000210892143
0.996570811189		0.000185815862
0.996992718772		0.000162116788
0.997385788775		0.00013982454
0.997750338687		0.000118965715
0.99808668999		9.9562958e-05
0.998395143393		8.1636487e-05
0.998675964331		6.5205073e-05
0.998929344178		5.0288475e-05
0.999155417861		3.6906578e-05
0.999354342377		2.5074841e-05
0.999526288812		1.4804778e-05
0.999671429709		6.104743e-06
0.999789928409		-1.019379e-06
0.999881930225		-6.563584e-06
0.999947555367		-1.0525266e-05
0.999986893515		-1.2902835e-05
1.0		-1.3695446e-05
1.0		1.3695446e-05
