1.0		1.3695446e-05
0.999987272387		1.5583254e-05
0.999949078137		2.1248717e-05
0.99988538274		3.0698003e-05
0.999796127742		4.3941531e-05
0.999681229337		6.0994195e-05
0.999540576367		8.1875669e-05
0.999374027715		0.000106610811
0.999181409068		0.00013523017
0.998962509009		0.000167770585
0.998717074396		0.000204275914
0.998444806963		0.000244797578
0.998145413261		0.000289387168
0.997818642255		0.000338090869
0.997464259271		0.000390953349
0.997082032388		0.000448019805
0.996671667542		0.000509345692
0.996232846271		0.000574991141
0.995765239461		0.000645018953
0.995268459951		0.000719501753
0.994742056528		0.00079852298
0.994185540259		0.00088217303
0.993598421317		0.000970543798
0.992980262201		0.001063720707
0.992330631403		0.001161789693
0.991649076991		0.001264841246
0.990935025851		0.001372985757
0.990187833037		0.001486346231
0.989406812873		0.001605053724
0.988591277462		0.001729241599
0.987740532019		0.001859046326
0.98685385095		0.001994611222
0.985930469202		0.002136087913
0.984969578223		0.002283637099
0.983970331583		0.002437427854
0.982931846742		0.002597637509
0.981853206248		0.002764451636
0.980733453449		0.002938064874
0.979571590579		0.00311868141
0.978366577028		0.003306515441
0.977117328641		0.003501791484
0.975822717335		0.003704744641
0.974481570857		0.003915620856
0.973092670229		0.004134677531
0.971654747684		0.004362184087
0.970166484807		0.004598422493
0.968626511775		0.004843687633
0.967033405511		0.005098287851
0.965385688068		0.005362545457
0.963681825601		0.00563679715
0.961920227266		0.005921394452
0.960099243652		0.006216704205
0.958217165764		0.006523108991
0.956272225721		0.006841007243
0.954262593849		0.007170813944
0.952186374508		0.007512961514
0.95004160344		0.007867900443
0.947826248593		0.008236099318
0.945538206791		0.008618045503
0.943175303614		0.00901424525
0.940735292782		0.009425223834
0.938215854901		0.009851525734
0.935614597263		0.01029371456
0.932929054013		0.010752372831
0.93015668511		0.011228101851
0.927294875885		0.011721521361
0.924340937068		0.012233268979
0.92129210663		0.012763999156
0.91814555136		0.013314381991
0.914898363981		0.013885102619
0.911547560977		0.014476860248
0.908090087456		0.015090365701
0.904522818521		0.015726339263
0.900842563903		0.01638550761
0.897046073876		0.017068600123
0.893130042973		0.017776345174
0.889091118387		0.018509465105
0.88492590013		0.019268672203
0.880630938422		0.020054664664
0.876202745733		0.020868119313
0.871637804238		0.021709684532
0.866932580504		0.022579971175
0.862083539379		0.023479542919
0.857087154547		0.024408906496
0.851939920802		0.025368500867
0.846638358259		0.026358687154
0.841179028896		0.027379735526
0.835558553281		0.028431811313
0.829773628727		0.029514960152
0.823821047184		0.030629092543
0.817697713987		0.031773967698
0.811400678913		0.032949174647
0.80492717392		0.034154111854
0.798274626384		0.035387971355
0.791440682743		0.036649721107
0.784423234584		0.037938087323
0.777220448406		0.039251536887
0.769830804923		0.040588259178
0.762253145402		0.041946148282
0.754486687756		0.043322792741
0.746531044655		0.04471546731
0.738386248916		0.046121126276
0.730052803293		0.04753639605
0.721531726591		0.048957572689
0.712824582723		0.050380627073
0.703933499297		0.051801216819
0.694861186389		0.053214703433
0.685610963141		0.054616173903
0.676186762963		0.056000471417
0.666593151768		0.057362229865
0.656835361378		0.058695912237
0.646919278792		0.059995861058
0.636851462334		0.061256350128
0.626639101637		0.062471647839
0.616290030115		0.063636077015
0.60581274078		0.064744077841
0.595216334017		0.065790279983
0.584510550837		0.066769565991
0.57370569686		0.067677144784
0.562812658367		0.068508613674
0.55184285939		0.069260022339
0.540808178841		0.069927933229
0.529720880055		0.070509472405
0.518593530647		0.071002371283
0.507438908677		0.071404997961
0.496269939667		0.071716375682
0.485099607868		0.07193619074
0.473940888597		0.072064787982
0.462806664974		0.072103155343
0.451709656138		0.072052897309
0.440662350965		0.071916198634
0.429676940313		0.071695779463
0.418765259021		0.071394843276
0.407938731784		0.07101701923
0.397208325258		0.070566300519
0.386584504543		0.070046980294
0.376077193233		0.069463586587
0.365695736322		0.068820817554
0.355448869486		0.068123478515
0.345344695502		0.067376422052
0.335390666411		0.066584492122
0.325593571905		0.065752473035
0.315959532515		0.064885043779
0.306494000595		0.063986738387
0.297201768051		0.063061912536
0.288086979929		0.062114716381
0.279153152798		0.061149073433
0.270403195003		0.060168664929
0.261839426901		0.05917691907
0.253463603381		0.058177004936
0.2452769393		0.057171830693
0.237280138183		0.056164045672
0.229473422941		0.05515604572
0.221856567691		0.054149981219
0.214428930236		0.053147767244
0.207189484989		0.052151095418
0.200136853957		0.051161446708
0.193269337392		0.050180105027
0.186584944964		0.049208171442
0.180081424661		0.048246578338
0.173756290269		0.047296103405
0.167606849969		0.046357383668
0.161630232362		0.045430928857
0.155823410029		0.044517134011
0.150183225386		0.043616291976
0.144706411676		0.042728604635
0.13938961269		0.041854193373
0.13422940522		0.040993109434
0.129222312676		0.040145342273
0.124364824556		0.039310828318
0.119653410377		0.038489458295
0.115084530961		0.037681083578
0.110654655877		0.036885523164
0.106360266728		0.036102567718
0.102197876035		0.035331986002
0.098164026539		0.03457352742
0.094255307662		0.033826927378
0.090468354666		0.033091909142
0.086799860583		0.032368187858
0.083246576601		0.031655472132
0.079805319725		0.030953466837
0.076472973714		0.030261874414
0.073246494492		0.029580396939
0.070122909358		0.028908736782
0.0670993237		0.028246598748
0.064172914582		0.027593689301
0.061340943895		0.026949720012
0.058600741018		0.026314404134
0.055949728161		0.02568746283
0.053385387744		0.025068617953
0.050905301867		0.024457601768
0.048507108		0.023854146576
0.046188541938		0.023257995593
0.043947400628		0.022668893975
0.041781563005		0.022086594345
0.039688989923		0.02151085728
0.037667694447		0.020941443403
0.035715797121		0.020378129132
0.033831451165		0.019820685863
0.032012914281		0.019268900981
0.030258499244		0.01872256399
0.028566573912		0.018181466406
0.026935616485		0.017645420063
0.025364113113		0.017114224552
0.023850669278		0.016587704347
0.022393935129		0.016065685084
0.020992593239		0.015547988784
0.019645466086		0.01503447457
0.018351352658		0.014524979117
0.017109162807		0.014019368089
0.015917891468		0.013517529936
0.014776493398		0.01301932409
0.013684110498		0.012524680022
0.012639874735		0.012033516266
0.011642919489		0.011545743503
0.010692595201		0.011061374839
0.009788146213		0.010580372535
0.008928903739		0.010102745573
0.008114384277		0.009628619236
0.007343921579		0.009158033529
0.006617030733		0.008691159929
0.005933337632		0.008228288185
0.005292218575		0.007769594345
0.004693298847		0.007315493796
0.004136223398		0.006866526557
0.003620310437		0.006423088878
0.003145113666		0.005985912369
0.002710133389		0.005555892159
0.002314451618		0.005133739208
0.001957232875		0.004720490445
0.001637579881		0.004317456295
0.001354135786		0.003925754723
0.001105318198		0.003546544202
0.00088947659		0.003181286212
0.000704627586		0.002831345908
0.000548506789		0.002497959214
0.000418662215		0.002182281587
0.000312521225		0.0018854122
0.000227444797		0.001608403747
0.000160786441		0.001352306201
0.000109911899		0.00111806923
7.2165717e-05		0.00090596392
4.5080192e-05		0.000716047005
2.6437819e-05		0.00054836724
1.4274856e-05		0.000402966092
6.884245e-06		0.000279878352
2.817972e-06		0.00017913259
8.88951e-07		0.000100751712
1.72473e-07		4.4753267e-05
7.288e-09		1.1149496e-05
-3.643e-09		0.0
7.643e-09		-1.141258e-05
1.75647e-07		-4.5487464e-05
9.02285e-07		-0.000102249218
2.855632e-06		-0.00018165177
6.967223e-06		-0.000283629819
1.4428198e-05		-0.000408097224
2.6684226e-05		-0.000554945394
4.5429117e-05		-0.000724041322
7.2597017e-05		-0.000915225317
0.000110353033		-0.001128308282
0.000161082136		-0.001363068683
0.000227342528		-0.001619129562
0.000311734707		-0.001895690891
0.000416906896		-0.002191858185
0.000545527449		-0.002506694223
0.000700231855		-0.002839188985
0.000883529561		-0.00318817788
0.001097710748		-0.003552313512
0.00134479304		-0.00393011917
0.001626468469		-0.004320020055
0.001944362217		-0.004720737031
0.00229990039		-0.005131054452
0.002694063759		-0.005549568319
0.003127736446		-0.00597510534
0.0036018851		-0.006406819731
0.004117065528		-0.006843693954
0.004673749216		-0.007284853427
0.005272653583		-0.007729771161
0.005914175503		-0.008177790133
0.00659870592		-0.00862836571
0.007326893685		-0.009081200479
0.008099138511		-0.009535893546
0.00891593703		-0.009992157593
0.009777976627		-0.010449843247
0.010685758942		-0.010908723369
0.011639967703		-0.011368685787
0.012641377493		-0.011829669083
0.013690654522		-0.012291567498
0.014788685474		-0.01275437735
0.015936356576		-0.013218090537
0.017134547498		-0.013682694355
0.018384326817		-0.014148245164
0.019686719899		-0.014614775223
0.021042845805		-0.015082344688
0.022453930238		-0.015551042214
0.023921177792		-0.0160209411
0.025445939669		-0.016492154227
0.027029592722		-0.016964793351
0.028673568916		-0.017438979073
0.030379416022		-0.017914857565
0.03214869073		-0.018392569658
0.033983068407		-0.018872281475
0.03588427183		-0.019354164412
0.037854089936		-0.019838400498
0.039894411179		-0.020325190322
0.042007160253		-0.020814737563
0.044194373925		-0.021307267006
0.046458135892		-0.021803009177
0.048800622024		-0.022302210603
0.051224082279		-0.02280512947
0.05373083692		-0.02331203471
0.056323299424		-0.023823210315
0.059003942946		-0.024338948152
0.061775340018		-0.024859555179
0.064640122104		-0.025385344903
0.067601017297		-0.025916643537
0.070660816009		-0.026453782504
0.073822398928		-0.026997102045
0.077088711511		-0.027546944996
0.08046278274		-0.028103657964
0.083947705459		-0.028667585565
0.087546649339		-0.029239069712
0.09126284321		-0.029818443425
0.095099585254		-0.03040602862
0.099060224537		-0.031002128841
0.10314816986		-0.031607025635
0.107366869615		-0.03222096989
0.111719818399		-0.032844176529
0.116210536799		-0.033476814563
0.120842572427		-0.03411899952
0.125619482949		-0.034770782594
0.130544827834		-0.035432140315
0.135622156582		-0.03610296303
0.14085499078		-0.036783041929
0.146246814548		-0.03747205659
0.151801052442		-0.038169560398
0.157521054189		-0.038874966496
0.163410075153		-0.039587532982
0.169471252573		-0.040306347579
0.175707585793		-0.041030313037
0.182121910435		-0.041758132309
0.188716871955		-0.042488294521
0.195494900251		-0.043219062265
0.202458180011		-0.043948460031
0.209608620795		-0.044674264706
0.216947827667		-0.04539399867
0.224477070143		-0.046104925758
0.232197250492		-0.046804050719
0.24010887285		-0.047488122795
0.248212012557		-0.048153643852
0.256506284344		-0.048796881368
0.264990811162		-0.049413886849
0.273664193273		-0.050000519944
0.282524476438		-0.050552478409
0.291569117033		-0.05106533395
0.300794945036		-0.051534574127
0.310198125006		-0.051955650259
0.319774116065		-0.052324031181
0.329517633676		-0.052635262521
0.339422618649		-0.05288503089
0.349482220105		-0.053069231905
0.359688794355		-0.053184040319
0.370033919872		-0.053225980224
0.380508427774		-0.053191993115
0.391102449219		-0.053079501527
0.401805481483		-0.052886465865
0.412606458755		-0.052611432479
0.423493838607		-0.052253571137
0.434455678911		-0.051812701243
0.44547973265		-0.05128930525
0.456553539319		-0.050684529291
0.467664479214		-0.05000017346
0.478799902183		-0.049238665895
0.48994711861		-0.048403034453
0.501093566532		-0.047496856687
0.512226766146		-0.046524216643
0.523334448423		-0.045489641657
0.534404544475		-0.04439804515
0.545425158278		-0.043254669169
0.556384718806		-0.042065006483
0.567271905368		-0.040834744452
0.578075863255		-0.039569677433
0.588786068524		-0.03827565942
0.599392494416		-0.036958525085
0.609885591514		-0.035624035626
0.620256335161		-0.03427782115
0.630496306545		-0.032925323288
0.640597627487		-0.031571762446
0.650553090167		-0.030222085281
0.660356079694		-0.028880945632
0.670000640408		-0.027552672246
0.679481447241		-0.02624125512
0.688793764092		-0.024950339275
0.697933496862		-0.023683210439
0.706897125093		-0.022442802084
0.715681721439		-0.02123169435
0.724284929087		-0.020052122322
0.732704922257		-0.018905989601
0.74094039676		-0.017794880175
0.748990524347		-0.016720077157
0.756854923527		-0.015682580648
0.764533631941		-0.014683126409
0.772027068581		-0.013722206453
0.779336019602		-0.012800086887
0.786461619409		-0.011916826528
0.793405328884		-0.011072295809
0.800168905551		-0.01026619634
0.806754380604		-0.009498079098
0.813164036955		-0.008767361895
0.819400368128		-0.008073348239
0.82546605471		-0.007415243202
0.831363945105		-0.006792167941
0.837097023289		-0.006203174666
0.842668387844		-0.005647259372
0.848081237973		-0.005123372959
0.85333884963		-0.00463043243
0.858444554533		-0.004167330848
0.863401730494		-0.003732945368
0.868213786939		-0.003326144965
0.87288414841		-0.002945797542
0.877416244863		-0.002590775737
0.881813502336		-0.002259962054
0.88607933062		-0.001952253616
0.890217111177		-0.001666566264
0.894230193089		-0.001401837556
0.898121885681		-0.001157029541
0.901895452748		-0.000931131
0.905554106184		-0.000723159321
0.909101003595		-0.000532161787
0.912539243736		-0.000357216691
0.915871863571		-0.000197434075
0.919101834126		-5.1956275e-05
0.922232060493		8.0041949e-05
0.925265378883		0.000199353333
0.928204556697		0.000306738324
0.931052290165		0.000402925335
0.933811205013		0.000488611245
0.936483855281		0.000564461933
0.939072723775		0.00063111295
0.941580221895		0.000689170249
0.94400868958		0.000739210978
0.946360396905		0.000781784356
0.948637543527		0.000817412534
0.950842260833		0.000846591543
0.952976612163		0.000869792207
0.955042594023		0.000887461096
0.957042137958		0.000900021479
0.958977110959		0.000907874255
0.960849317528		0.000911398898
0.962660500778		0.000910954369
0.96441234363		0.00090688003
0.966106470583		0.000899496521
0.967744448813		0.000889106631
0.969327789652		0.000875996134
0.970857950054		0.00086043461
0.972336333888		0.000842676231
0.973764293313		0.000822960531
0.975143130126		0.000801513134
0.976474097092		0.000778546471
0.97775839922		0.000754260458
0.97899719511		0.000728843145
0.980191598263		0.000702471349
0.981342678177		0.000675311244
0.982451461453		0.000647518943
0.98351893294		0.000619241041
0.984546037076		0.00059061513
0.985533679389		0.000561770279
0.986482727793		0.000532827496
0.987394012909		0.000503900191
0.988268328189		0.000475094626
0.989106429939		0.000446510358
0.98990904047		0.000418240543
0.990676850888		0.000390372227
0.991410526216		0.000362986503
0.992110699848		0.000336159051
0.9927779705		0.000309960591
0.993412888964		0.00028445775
0.994015972673		0.000259712834
0.994587716988		0.000235783634
0.9951286118		0.000212722938
0.995639135805		0.000190578947
0.99611973447		0.000169396423
0.996570811189		0.000149217338
0.996992718772		0.000130081513
0.997385788775		0.000112025525
0.997750338687		9.5082518e-05
0.99808668999		7.9281481e-05
0.998395143393		6.4648504e-05
0.998675964331		5.1207617e-05
0.998929344178		3.8982817e-05
0.999155417861		2.7997407e-05
0.999354342377		1.8270278e-05
0.999526288812		9.816309e-06
0.999671429709		2.647017e-06
0.999789928409		-3.228866e-06
0.999881930225		-7.804887e-06
0.999947555367		-1.1076465e-05
0.999986893515		-1.3040561e-05
1.0		-1.3695446e-05
1.0		1.3695446e-05
