1.0		1.3695446e-05
0.999987272387		1.6417499e-05
0.999949078137		2.4585353e-05
0.99988538274		3.8204152e-05
0.999796127742		5.7282661e-05
0.999681229337		8.183355e-05
0.999540576367		0.000111873802
0.999374027715		0.000147425236
0.999181409068		0.000188515163
0.998962509009		0.000235177168
0.998717074396		0.000287452033
0.998444806963		0.00034538838
0.998145413261		0.000409031975
0.997818642255		0.000478417701
0.997464259271		0.000553575089
0.997082032388		0.000634531192
0.996671667542		0.000721324264
0.996232846271		0.000813995667
0.995765239461		0.000912586886
0.995268459951		0.001017149436
0.994742056528		0.001127745957
0.994185540259		0.001244444507
0.993598421317		0.001367310718
0.992980262201		0.001496396608
0.992330631403		0.001631750278
0.991649076991		0.00177342135
0.990935025851		0.00192148172
0.990187833037		0.002076014974
0.989406812873		0.002237109693
0.988591277462		0.002404851322
0.987740532019		0.002579323013
0.98685385095		0.002760610384
0.985930469202		0.002948803069
0.984969578223		0.003143995299
0.983970331583		0.003346284497
0.982931846742		0.003555770662
0.981853206248		0.003772555866
0.980733453449		0.003996744847
0.979571590579		0.004228445093
0.978366577028		0.004467766878
0.977117328641		0.004714823071
0.975822717335		0.00496972887
0.974481570857		0.005232601497
0.973092670229		0.005503560332
0.971654747684		0.005782726923
0.970166484807		0.00607022494
0.968626511775		0.006366179894
0.967033405511		0.006670719051
0.965385688068		0.006983971275
0.963681825601		0.007306066743
0.961920227266		0.007637136663
0.960099243652		0.007977313049
0.958217165764		0.008326728389
0.956272225721		0.008685514974
0.954262593849		0.009053804887
0.952186374508		0.00943173019
0.95004160344		0.00981942281
0.947826248593		0.010217013767
0.945538206791		0.010624633145
0.943175303614		0.011042409473
0.940735292782		0.011470469184
0.938215854901		0.01190893618
0.935614597263		0.012357931207
0.932929054013		0.012817571175
0.93015668511		0.013287968679
0.927294875885		0.013769231421
0.924340937068		0.014261461565
0.92129210663		0.014764754797
0.91814555136		0.015279199456
0.914898363981		0.015804876426
0.911547560977		0.016341858882
0.908090087456		0.016890210937
0.904522818521		0.017449986885
0.900842563903		0.018021229976
0.897046073876		0.018603971051
0.893130042973		0.019198227592
0.889091118387		0.019804002113
0.88492590013		0.020421281868
0.880630938422		0.021050038965
0.876202745733		0.021690228329
0.871637804238		0.022341786447
0.866932580504		0.023004629133
0.862083539379		0.023678649546
0.857087154547		0.024363716748
0.851939920802		0.025059674083
0.846638358259		0.025766338664
0.841179028896		0.026483499181
0.835558553281		0.027210913723
0.829773628727		0.027948307445
0.823821047184		0.028695370262
0.817697713987		0.029451754416
0.811400678913		0.030217070501
0.80492717392		0.030990882766
0.798274626384		0.031772707381
0.791440682743		0.032562009316
0.784423234584		0.033358198839
0.777220448406		0.034160627523
0.769830804923		0.034968583176
0.762253145402		0.035781284104
0.754486687756		0.036597876721
0.746531044655		0.037417432815
0.738386248916		0.038238946023
0.730052803293		0.039061326032
0.721531726591		0.039883393671
0.712824582723		0.040703878226
0.703933499297		0.04152141626
0.694861186389		0.042334551029
0.685610963141		0.043141732018
0.676186762963		0.043941317393
0.666593151768		0.044731576444
0.656835361378		0.045510692283
0.646919278792		0.046276769836
0.636851462334		0.047027843309
0.626639101637		0.047761889695
0.616290030115		0.048476839995
0.60581274078		0.049170592466
0.595216334017		0.049841032433
0.584510550837		0.050486048222
0.57370569686		0.051103555734
0.562812658367		0.051691518591
0.55184285939		0.052247973031
0.540808178841		0.052771055037
0.529720880055		0.053259026106
0.518593530647		0.053710298308
0.507438908677		0.054123457997
0.496269939667		0.054497285884
0.485099607868		0.054830775293
0.473940888597		0.055123146351
0.462806664974		0.055373856966
0.451709656138		0.055582609412
0.440662350965		0.055749352653
0.429676940313		0.055874280475
0.418765259021		0.055957825314
0.407938731784		0.056000648123
0.397208325258		0.056003624579
0.386584504543		0.05596782807
0.376077193233		0.055894509903
0.365695736322		0.055785077269
0.355448869486		0.055641069513
0.345344695502		0.055464133392
0.335390666411		0.055255997913
0.325593571905		0.055018449382
0.315959532515		0.054753307149
0.306494000595		0.054462400651
0.297201768051		0.054147548167
0.288086979929		0.053810537637
0.279153152798		0.053453109772
0.270403195003		0.053076943522
0.261839426901		0.052683643846
0.253463603381		0.05227473188
0.2452769393		0.05185163747
0.237280138183		0.051415694026
0.229473422941		0.050968135505
0.221856567691		0.05051009532
0.214428930236		0.050042606948
0.207189484989		0.049566606024
0.200136853957		0.049082933548
0.193269337392		0.048592340078
0.186584944964		0.048095490772
0.180081424661		0.047592970899
0.173756290269		0.047085291678
0.167606849969		0.046572896514
0.161630232362		0.046056167196
0.155823410029		0.045535429943
0.150183225386		0.045010961616
0.144706411676		0.044482995401
0.13938961269		0.043951726191
0.13422940522		0.043417316044
0.129222312676		0.042879898523
0.124364824556		0.042339583384
0.119653410377		0.041796460428
0.115084530961		0.041250602791
0.110654655877		0.040702070707
0.106360266728		0.04015091335
0.102197876035		0.039597172373
0.098164026539		0.03904088278
0.094255307662		0.038482075851
0.090468354666		0.037920779586
0.086799860583		0.037357020795
0.083246576601		0.036790825411
0.079805319725		0.036222219792
0.076472973714		0.035651230914
0.073246494492		0.035077887226
0.070122909358		0.034502218412
0.0670993237		0.03392425647
0.064172914582		0.03334403434
0.061340943895		0.032761588292
0.058600741018		0.032176954256
0.055949728161		0.031590172952
0.053385387744		0.031001282705
0.050905301867		0.030410328144
0.048507108		0.02981734991
0.046188541938		0.029222394831
0.043947400628		0.028625506857
0.041781563005		0.028026732242
0.039688989923		0.027426119968
0.037667694447		0.026823713312
0.035715797121		0.026219566306
0.033831451165		0.025613721595
0.032012914281		0.025006232903
0.030258499244		0.024397150179
0.028566573912		0.023786519249
0.026935616485		0.023174402643
0.025364113113		0.022560842829
0.023850669278		0.021945904752
0.022393935129		0.021329649038
0.020992593239		0.020712126127
0.019645466086		0.020093425182
0.018351352658		0.019473603328
0.017109162807		0.018852747648
0.015917891468		0.018230968961
0.014776493398		0.017608337877
0.013684110498		0.016985008458
0.012639874735		0.01636111837
0.011642919489		0.015736792064
0.010692595201		0.015112282897
0.009788146213		0.014487777835
0.008928903739		0.013863522732
0.008114384277		0.013239915718
0.007343921579		0.012617243741
0.006617030733		0.011995967793
0.005933337632		0.011376709232
0.005292218575		0.010759939982
0.004693298847		0.010146455587
0.004136223398		0.00953722515
0.003620310437		0.008933026365
0.003145113666		0.008335096067
0.002710133389		0.007744899971
0.002314451618		0.007163653709
0.001957232875		0.006593021282
0.001637579881		0.006035045345
0.001354135786		0.005491500554
0.001105318198		0.004964211064
0.00088947659		0.004455413924
0.000704627586		0.003967201876
0.000548506789		0.003501473455
0.000418662215		0.003059998192
0.000312521225		0.002644448897
0.000227444797		0.002256414829
0.000160786441		0.001897463223
0.000109911899		0.001569003335
7.2165717e-05		0.001271476271
4.5080192e-05		0.001005007193
2.6437819e-05		0.000769697343
1.4274856e-05		0.000565627606
6.884245e-06		0.000392861686
2.817972e-06		0.000251448778
8.88951e-07		0.000141426087
1.72473e-07		6.2820682e-05
7.288e-09		1.5650685e-05
-3.643e-09		0.0
7.643e-09		-1.3402182e-05
1.75647e-07		-5.3417497e-05
9.02285e-07		-0.00012007492
2.855632e-06		-0.000213320853
6.967223e-06		-0.000333079908
1.4428198e-05		-0.000479253623
2.6684226e-05		-0.000651719309
4.5429117e-05		-0.000850328634
7.2597017e-05		-0.001074905994
0.000110353033		-0.001325246451
0.000161082136		-0.001601113423
0.000227342528		-0.0019020954
0.000311734707		-0.002227292241
0.000416906896		-0.002575701927
0.000545527449		-0.002946281891
0.000700231855		-0.003337913921
0.000883529561		-0.003749307605
0.001097710748		-0.004178965973
0.00134479304		-0.004625246845
0.001626468469		-0.00508639751
0.001944362217		-0.005561018758
0.00229990039		-0.006047789841
0.002694063759		-0.006545167628
0.003127736446		-0.007051881757
0.0036018851		-0.007567050693
0.004117065528		-0.008089586256
0.004673749216		-0.00861856711
0.005272653583		-0.00915348536
0.005914175503		-0.00969367405
0.00659870592		-0.010238597174
0.007326893685		-0.010788014236
0.008099138511		-0.011341556473
0.00891593703		-0.011898989412
0.009777976627		-0.012460244394
0.010685758942		-0.013025155012
0.011639967703		-0.013593693269
0.012641377493		-0.014165891969
0.013690654522		-0.014741726737
0.014788685474		-0.015321298023
0.015936356576		-0.015904699185
0.017134547498		-0.016492015663
0.018384326817		-0.017083418121
0.019686719899		-0.017679044849
0.021042845805		-0.018279067364
0.022453930238		-0.018883691529
0.023921177792		-0.019493100906
0.025445939669		-0.020107527399
0.027029592722		-0.020727198456
0.028673568916		-0.021352349465
0.030379416022		-0.02198324552
0.03214869073		-0.022620140187
0.033983068407		-0.023263315571
0.03588427183		-0.023913055228
0.037854089936		-0.024569650611
0.039894411179		-0.025233411206
0.042007160253		-0.02590464281
0.044194373925		-0.026583671324
0.046458135892		-0.027270820917
0.048800622024		-0.027966427259
0.051224082279		-0.028670830644
0.05373083692		-0.029384373742
0.056323299424		-0.030107406686
0.059003942946		-0.03084027595
0.061775340018		-0.031583333552
0.064640122104		-0.032336923909
0.067601017297		-0.033101391616
0.070660816009		-0.033877069749
0.073822398928		-0.03466428413
0.077088711511		-0.035463343497
0.08046278274		-0.036274540454
0.083947705459		-0.037098142461
0.087546649339		-0.037934390308
0.09126284321		-0.038783488778
0.095099585254		-0.039645603303
0.099060224537		-0.040520849468
0.10314816986		-0.041409288118
0.107366869615		-0.042310913391
0.111719818399		-0.043225646015
0.116210536799		-0.044153320182
0.120842572427		-0.045093674348
0.125619482949		-0.04604633766
0.130544827834		-0.047010817663
0.135622156582		-0.047986486787
0.14085499078		-0.048972567253
0.146246814548		-0.049968117311
0.151801052442		-0.05097201496
0.157521054189		-0.05198294302
0.163410075153		-0.052999373661
0.169471252573		-0.054019552734
0.175707585793		-0.055041485622
0.182121910435		-0.056062923233
0.188716871955		-0.057081349472
0.195494900251		-0.058093970886
0.202458180011		-0.059097708088
0.209608620795		-0.060089190147
0.216947827667		-0.061064752533
0.224477070143		-0.062020438824
0.232197250492		-0.062952006884
0.24010887285		-0.063854940189
0.248212012557		-0.064724464664
0.256506284344		-0.06555557132
0.264990811162		-0.066343045247
0.273664193273		-0.067081501156
0.282524476438		-0.067765425551
0.291569117033		-0.068389225431
0.300794945036		-0.068947283682
0.310198125006		-0.069434021
0.319774116065		-0.069843964098
0.329517633676		-0.070171819701
0.339422618649		-0.0704125535
0.349482220105		-0.070561472613
0.359688794355		-0.070614309325
0.370033919872		-0.070567303595
0.380508427774		-0.070417281607
0.391102449219		-0.070161727628
0.401805481483		-0.06979884633
0.412606458755		-0.069327613493
0.423493838607		-0.068747812908
0.434455678911		-0.068060059216
0.44547973265		-0.067265804633
0.456553539319		-0.066367330096
0.467664479214		-0.065367724467
0.478799902183		-0.064270843209
0.48994711861		-0.063081266608
0.501093566532		-0.061804229399
0.512226766146		-0.060445562525
0.523334448423		-0.059011608453
0.534404544475		-0.057509146554
0.545425158278		-0.055945319016
0.556384718806		-0.054327529608
0.567271905368		-0.052663373023
0.578075863255		-0.050960521985
0.588786068524		-0.049226669268
0.599392494416		-0.0474694272
0.609885591514		-0.045696260736
0.620256335161		-0.04391441587
0.630496306545		-0.042130848469
0.640597627487		-0.040352185673
0.650553090167		-0.03858466116
0.660356079694		-0.036834094418
0.670000640408		-0.0351058526
0.679481447241		-0.033404836704
0.688793764092		-0.031735477277
0.697933496862		-0.030101719608
0.706897125093		-0.028507036545
0.715681721439		-0.02695443074
0.724284929087		-0.025446448928
0.732704922257		-0.02398520288
0.74094039676		-0.022572388069
0.748990524347		-0.021209310951
0.756854923527		-0.019896914963
0.764533631941		-0.018635807334
0.772027068581		-0.017426288126
0.779336019602		-0.016268375559
0.786461619409		-0.015161832099
0.793405328884		-0.014106190633
0.800168905551		-0.013100781202
0.806754380604		-0.01214475571
0.813164036955		-0.01123711144
0.819400368128		-0.010376716
0.82546605471		-0.009562328251
0.831363945105		-0.008792617279
0.837097023289		-0.008066181666
0.842668387844		-0.007381565738
0.848081237973		-0.006737273606
0.85333884963		-0.006131783106
0.858444554533		-0.005563558009
0.863401730494		-0.005031057725
0.868213786939		-0.004532746484
0.87288414841		-0.004067101645
0.877416244863		-0.003632620307
0.881813502336		-0.00322782502
0.88607933062		-0.00285126896
0.890217111177		-0.002501540276
0.894230193089		-0.002177265035
0.898121885681		-0.001877109897
0.901895452748		-0.001599784116
0.905554106184		-0.001344041101
0.909101003595		-0.001108679263
0.912539243736		-0.000892542678
0.915871863571		-0.000694521299
0.919101834126		-0.000513550968
0.922232060493		-0.000348612941
0.925265378883		-0.00019873339
0.928204556697		-6.2982579e-05
0.931052290165		5.9525982e-05
0.933811205013		0.000169636641
0.936483855281		0.000268152715
0.939072723775		0.000355837738
0.941580221895		0.000433416745
0.94400868958		0.0005015776
0.946360396905		0.00056097239
0.948637543527		0.000612218785
0.950842260833		0.000655901452
0.952976612163		0.000692573429
0.955042594023		0.000722757498
0.957042137958		0.000746947546
0.958977110959		0.000765609881
0.960849317528		0.000779184533
0.962660500778		0.000788086514
0.96441234363		0.000792707037
0.966106470583		0.000793414706
0.967744448813		0.000790556656
0.969327789652		0.000784459657
0.970857950054		0.000775431174
0.972336333888		0.000763760387
0.973764293313		0.000749719164
0.975143130126		0.000733562997
0.976474097092		0.000715531895
0.97775839922		0.000695851237
0.97899719511		0.000674732577
0.980191598263		0.000652374426
0.981342678177		0.000628962977
0.982451461453		0.000604672815
0.98351893294		0.000579667575
0.984546037076		0.000554100566
0.985533679389		0.000528115356
0.986482727793		0.000501846324
0.987394012909		0.000475419203
0.988268328189		0.000448951618
0.989106429939		0.000422553587
0.98990904047		0.00039632791
0.990676850888		0.000370370517
0.991410526216		0.000344770699
0.992110699848		0.000319611682
0.9927779705		0.000294971118
0.993412888964		0.000270921969
0.994015972673		0.000247532354
0.994587716988		0.000224865413
0.9951286118		0.000202978897
0.995639135805		0.000181925581
0.99611973447		0.000161754408
0.996570811189		0.00014251114
0.996992718772		0.000124239006
0.997385788775		0.00010697769
0.997750338687		9.0763179e-05
0.99808668999		7.5627092e-05
0.998395143393		6.15979e-05
0.998675964331		4.870175e-05
0.998929344178		3.6964433e-05
0.999155417861		2.6410773e-05
0.999354342377		1.7061069e-05
0.999526288812		8.93148e-06
0.999671429709		2.034664e-06
0.999789928409		-3.619659e-06
0.999881930225		-8.024219e-06
0.999947555367		-1.117379e-05
0.999986893515		-1.3064868e-05
1.0		-1.3695446e-05
1.0		1.3695446e-05
