1.0		1.3695446e-05
0.999987272387		1.5968255e-05
0.999949078137		2.2788147e-05
0.99988538274		3.4159562e-05
0.999796127742		5.0090063e-05
0.999681229337		7.0590574e-05
0.999540576367		9.5675722e-05
0.999374027715		0.000125364283
0.999181409068		0.000159679727
0.998962509009		0.000198650882
0.998717074396		0.000242312711
0.998444806963		0.00029070686
0.998145413261		0.00034387273
0.997818642255		0.000401840778
0.997464259271		0.000464637149
0.997082032388		0.000532286079
0.996671667542		0.000604821338
0.996232846271		0.00068227948
0.995765239461		0.000764697371
0.995268459951		0.000852120471
0.994742056528		0.000944603785
0.994185540259		0.001042207111
0.993598421317		0.001144988494
0.992980262201		0.001252994895
0.992330631403		0.00136627031
0.991649076991		0.001484860341
0.990935025851		0.001608829603
0.990187833037		0.001738252905
0.989406812873		0.001873209688
0.988591277462		0.002013777252
0.987740532019		0.002160031492
0.98685385095		0.002312050928
0.985930469202		0.002469918054
0.984969578223		0.002633719872
0.983970331583		0.002803546773
0.982931846742		0.002979492079
0.981853206248		0.003161651683
0.980733453449		0.003350124614
0.979571590579		0.003545013186
0.978366577028		0.003746423099
0.977117328641		0.003954463371
0.975822717335		0.004169246206
0.974481570857		0.004390886829
0.973092670229		0.004619503707
0.971654747684		0.004855218671
0.970166484807		0.005098156996
0.968626511775		0.005348447296
0.967033405511		0.005606221581
0.965385688068		0.00587161528
0.963681825601		0.006144767151
0.961920227266		0.006425819208
0.960099243652		0.006714916706
0.958217165764		0.007012208042
0.956272225721		0.007317844381
0.954262593849		0.007631979848
0.952186374508		0.007954771907
0.95004160344		0.008286381486
0.947826248593		0.008626972558
0.945538206791		0.008976712366
0.943175303614		0.009335771142
0.940735292782		0.009704321911
0.938215854901		0.010082540382
0.935614597263		0.01047060469
0.932929054013		0.010868695074
0.93015668511		0.011276993748
0.927294875885		0.011695684666
0.924340937068		0.012124953233
0.92129210663		0.012564985732
0.91814555136		0.013015968818
0.914898363981		0.01347808962
0.911547560977		0.013951535732
0.908090087456		0.014436494177
0.904522818521		0.014933150858
0.900842563903		0.015441689537
0.897046073876		0.015962290626
0.893130042973		0.01649513025
0.889091118387		0.017040378645
0.88492590013		0.017598199622
0.880630938422		0.018168750299
0.876202745733		0.018752178778
0.871637804238		0.019348622356
0.866932580504		0.019958204691
0.862083539379		0.020581032984
0.857087154547		0.021217195462
0.851939920802		0.021866758477
0.846638358259		0.022529764424
0.841179028896		0.023206227876
0.835558553281		0.023896131473
0.829773628727		0.024599421411
0.823821047184		0.025316002709
0.817697713987		0.026045734097
0.811400678913		0.026788421185
0.80492717392		0.027543808661
0.798274626384		0.028311575159
0.791440682743		0.029091326646
0.784423234584		0.029882589336
0.777220448406		0.030684802063
0.769830804923		0.031497307579
0.762253145402		0.032319343227
0.754486687756		0.033150035155
0.746531044655		0.033988392515
0.738386248916		0.034833301257
0.730052803293		0.035683516073
0.721531726591		0.036537653771
0.712824582723		0.037394189604
0.703933499297		0.038251455979
0.694861186389		0.039107642653
0.685610963141		0.039960797985
0.676186762963		0.040808834225
0.666593151768		0.041649533749
0.656835361378		0.042480556502
0.646919278792		0.043299453926
0.636851462334		0.044103683154
0.626639101637		0.04489062831
0.616290030115		0.045657619894
0.60581274078		0.046401956642
0.595216334017		0.047120934559
0.584510550837		0.047811871699
0.57370569686		0.048472141911
0.562812658367		0.049099203308
0.55184285939		0.049690631088
0.540808178841		0.050244151811
0.529720880055		0.050757675075
0.518593530647		0.051229323186
0.507438908677		0.05165745802
0.496269939667		0.052040702679
0.485099607868		0.052377959867
0.473940888597		0.052668424708
0.462806664974		0.052911593039
0.451709656138		0.053107264097
0.440662350965		0.05325553795
0.429676940313		0.053356807957
0.418765259021		0.053411748375
0.407938731784		0.053421297686
0.397208325258		0.053386638173
0.386584504543		0.053309172376
0.376077193233		0.053190497052
0.365695736322		0.05303237529
0.355448869486		0.052836707484
0.345344695502		0.052605501897
0.335390666411		0.052340845493
0.325593571905		0.052044875628
0.315959532515		0.051719753132
0.306494000595		0.051367637308
0.297201768051		0.050990663244
0.288086979929		0.050590921699
0.279153152798		0.050170441736
0.270403195003		0.04973117603
0.261839426901		0.049274988759
0.253463603381		0.048803646065
0.2452769393		0.048318809046
0.237280138183		0.047822029141
0.229473422941		0.047314745702
0.221856567691		0.046798285483
0.214428930236		0.046273863799
0.207189484989		0.045742587137
0.200136853957		0.045205456798
0.193269337392		0.044663373461
0.186584944964		0.044117142552
0.180081424661		0.043567480006
0.173756290269		0.043015018313
0.167606849969		0.042460312927
0.161630232362		0.041903848615
0.155823410029		0.041346045612
0.150183225386		0.040787265968
0.144706411676		0.040227819338
0.13938961269		0.039667968484
0.13422940522		0.03910793489
0.129222312676		0.038547903235
0.124364824556		0.037988026269
0.119653410377		0.037428428872
0.115084530961		0.036869211551
0.110654655877		0.036310454479
0.106360266728		0.035752219581
0.102197876035		0.035194554396
0.098164026539		0.034637493241
0.094255307662		0.034081060477
0.090468354666		0.033525271298
0.086799860583		0.032970134163
0.083246576601		0.032415651483
0.079805319725		0.031861821276
0.076472973714		0.031308637731
0.073246494492		0.030756092417
0.070122909358		0.030204174423
0.0670993237		0.029652871749
0.064172914582		0.02910217034
0.061340943895		0.028552056696
0.058600741018		0.028002514707
0.055949728161		0.027453530788
0.053385387744		0.026905087422
0.050905301867		0.026357171546
0.048507108		0.025809765223
0.046188541938		0.025262855297
0.043947400628		0.024716425223
0.041781563005		0.024170460043
0.039688989923		0.023624946913
0.037667694447		0.023079867602
0.035715797121		0.022535213548
0.033831451165		0.021990965954
0.032012914281		0.021447116158
0.030258499244		0.020903652332
0.028566573912		0.020360559309
0.026935616485		0.019817837155
0.025364113113		0.019275468545
0.023850669278		0.018733456528
0.022393935129		0.018191800761
0.020992593239		0.017650492473
0.019645466086		0.017109557314
0.018351352658		0.016568993329
0.017109162807		0.016028825204
0.015917891468		0.015489098587
0.014776493398		0.01494982458
0.013684110498		0.01441108691
0.012639874735		0.013872955189
0.011642919489		0.013335487857
0.010692595201		0.012798854351
0.009788146213		0.012263166814
0.008928903739		0.01172858789
0.008114384277		0.011195410195
0.007343921579		0.010663830732
0.006617030733		0.01013419474
0.005933337632		0.00960698324
0.005292218575		0.009082549181
0.004693298847		0.00856152004
0.004136223398		0.008044669366
0.003620310437		0.007532607329
0.003145113666		0.007026332554
0.002710133389		0.006527036187
0.002314451618		0.006035697074
0.001957232875		0.005553673024
0.001637579881		0.005082641363
0.001354135786		0.00462405338
0.001105318198		0.004179403424
0.00088947659		0.00375053569
0.000704627586		0.003339174761
0.000548506789		0.002946884407
0.000418662215		0.002575123117
0.000312521225		0.002225271618
0.000227444797		0.00189864408
0.000160786441		0.001596539874
0.000109911899		0.001320128979
7.2165717e-05		0.001069770056
4.5080192e-05		0.000845559044
2.6437819e-05		0.000647574374
1.4274856e-05		0.00047587943
6.884245e-06		0.000330524749
2.817972e-06		0.000211549849
8.88951e-07		0.000118984992
1.72473e-07		5.2852447e-05
7.288e-09		1.316727e-05
-3.643e-09		0.0
7.643e-09		-1.7049786e-05
1.75647e-07		-6.7955851e-05
9.02285e-07		-0.000152754923
2.855632e-06		-0.000271378299
6.967223e-06		-0.000423728744
1.4428198e-05		-0.000609678246
2.6684226e-05		-0.000829065792
4.5429117e-05		-0.001081694657
7.2597017e-05		-0.001367329276
0.000110353033		-0.001685691455
0.000161082136		-0.002036456153
0.000227342528		-0.002419068005
0.000311734707		-0.002832341603
0.000416906896		-0.003274952588
0.000545527449		-0.003745515001
0.000700231855		-0.004242536333
0.000883529561		-0.004764295121
0.001097710748		-0.005308798324
0.00134479304		-0.005873860723
0.001626468469		-0.006457150911
0.001944362217		-0.007056779746
0.00229990039		-0.007670952709
0.002694063759		-0.008297592249
0.003127736446		-0.008934964365
0.0036018851		-0.009581823567
0.004117065528		-0.010236664648
0.004673749216		-0.010898193591
0.005272653583		-0.011565634473
0.005914175503		-0.012238013086
0.00659870592		-0.012914520125
0.007326893685		-0.013594713685
0.008099138511		-0.014277992554
0.00891593703		-0.014963921884
0.009777976627		-0.015652269852
0.010685758942		-0.016342683102
0.011639967703		-0.017034976308
0.012641377493		-0.017729035423
0.013690654522		-0.018424674183
0.014788685474		-0.019121854219
0.015936356576		-0.019820524344
0.017134547498		-0.020520619831
0.018384326817		-0.021222172974
0.019686719899		-0.021925172204
0.021042845805		-0.022629639927
0.022453930238		-0.023335632842
0.023921177792		-0.024043175277
0.025445939669		-0.024752341267
0.027029592722		-0.025463192562
0.028673568916		-0.026175792916
0.030379416022		-0.026890232433
0.03214869073		-0.027606580312
0.033983068407		-0.028324929982
0.03588427183		-0.029045368154
0.037854089936		-0.029767981962
0.039894411179		-0.030492869811
0.042007160253		-0.031220117327
0.044194373925		-0.03194982316
0.046458135892		-0.032682075113
0.048800622024		-0.033416964329
0.051224082279		-0.034154577797
0.05373083692		-0.034894995995
0.056323299424		-0.035638298168
0.059003942946		-0.036384550847
0.061775340018		-0.037133817387
0.064640122104		-0.037886144695
0.067601017297		-0.038641571275
0.070660816009		-0.03940011575
0.073822398928		-0.040161781379
0.077088711511		-0.040926546757
0.08046278274		-0.041694367132
0.083947705459		-0.042465166217
0.087546649339		-0.043238835248
0.09126284321		-0.04401522479
0.095099585254		-0.044794142261
0.099060224537		-0.045575343005
0.10314816986		-0.046358526588
0.107366869615		-0.047143326917
0.111719818399		-0.047929307179
0.116210536799		-0.048715949335
0.120842572427		-0.049502647215
0.125619482949		-0.050288696079
0.130544827834		-0.051073283523
0.135622156582		-0.0518554796
0.14085499078		-0.052634225971
0.146246814548		-0.053408326446
0.151801052442		-0.054176435894
0.157521054189		-0.054937050645
0.163410075153		-0.055688498926
0.169471252573		-0.056428931702
0.175707585793		-0.057156315255
0.182121910435		-0.05786842453
0.188716871955		-0.058562838351
0.195494900251		-0.05923693701
0.202458180011		-0.059887902056
0.209608620795		-0.060512719161
0.216947827667		-0.061108184502
0.224477070143		-0.061670914837
0.232197250492		-0.062197361742
0.24010887285		-0.062683830439
0.248212012557		-0.063126503379
0.256506284344		-0.063521468688
0.264990811162		-0.06386475368
0.273664193273		-0.064152363369
0.282524476438		-0.064380323802
0.291569117033		-0.064544729939
0.300794945036		-0.06464179784
0.310198125006		-0.064667920685
0.319774116065		-0.064619727998
0.329517633676		-0.064494147203
0.339422618649		-0.064288466207
0.349482220105		-0.064000395215
0.359688794355		-0.063628125632
0.370033919872		-0.063170383817
0.380508427774		-0.062626477527
0.391102449219		-0.061996332923
0.401805481483		-0.061280520103
0.412606458755		-0.060480266545
0.423493838607		-0.059597456899
0.434455678911		-0.058634620645
0.44547973265		-0.057594905741
0.456553539319		-0.056482040372
0.467664479214		-0.055300287737
0.478799902183		-0.054054383862
0.48994711861		-0.052749482542
0.501093566532		-0.051391074981
0.512226766146		-0.049984929908
0.523334448423		-0.048537011311
0.534404544475		-0.047053412885
0.545425158278		-0.045540297321
0.556384718806		-0.044003813876
0.567271905368		-0.042450050336
0.578075863255		-0.040884948933
0.588786068524		-0.039314277352
0.599392494416		-0.037743562786
0.609885591514		-0.036178059156
0.620256335161		-0.034622711262
0.630496306545		-0.03308212036
0.640597627487		-0.031560538142
0.650553090167		-0.030061837507
0.660356079694		-0.02858952009
0.670000640408		-0.027146707157
0.679481447241		-0.025736149129
0.688793764092		-0.024360240544
0.697933496862		-0.023021023855
0.706897125093		-0.021720213474
0.715681721439		-0.020459208467
0.724284929087		-0.019239112585
0.732704922257		-0.018060757234
0.74094039676		-0.016924720319
0.748990524347		-0.015831349954
0.756854923527		-0.014780785301
0.764533631941		-0.013772976474
0.772027068581		-0.012807704916
0.779336019602		-0.011884599726
0.786461619409		-0.011003153783
0.793405328884		-0.010162739334
0.800168905551		-0.009362623611
0.806754380604		-0.008601982624
0.813164036955		-0.007879913942
0.819400368128		-0.007195450687
0.82546605471		-0.006547572525
0.831363945105		-0.005935215384
0.837097023289		-0.00535728176
0.842668387844		-0.004812649004
0.848081237973		-0.004300176292
0.85333884963		-0.003818711942
0.858444554533		-0.003367099797
0.863401730494		-0.002944184048
0.868213786939		-0.002548814054
0.87288414841		-0.002179848859
0.877416244863		-0.001836160721
0.881813502336		-0.001516638258
0.88607933062		-0.001220189481
0.890217111177		-0.000945744414
0.894230193089		-0.000692256863
0.898121885681		-0.000458706164
0.901895452748		-0.000244098574
0.905554106184		-4.7468464e-05
0.909101003595		0.00013212092
0.912539243736		0.000295576757
0.915871863571		0.000443776209
0.919101834126		0.000577566087
0.922232060493		0.000697762852
0.925265378883		0.000805152592
0.928204556697		0.000900491247
0.931052290165		0.00098450484
0.933811205013		0.001057889898
0.936483855281		0.001121313897
0.939072723775		0.001175415819
0.941580221895		0.00122080675
0.94400868958		0.001258070544
0.946360396905		0.001287764544
0.948637543527		0.001310420307
0.950842260833		0.001326544399
0.952976612163		0.001336619172
0.955042594023		0.001341103577
0.957042137958		0.001340433979
0.958977110959		0.001335024971
0.960849317528		0.001325270194
0.962660500778		0.001311543146
0.96441234363		0.001294197985
0.966106470583		0.001273570321
0.967744448813		0.001249977995
0.969327789652		0.001223721845
0.970857950054		0.00119508645
0.972336333888		0.001164340861
0.973764293313		0.001131739307
0.975143130126		0.00109752189
0.976474097092		0.001061915245
0.97775839922		0.00102513319
0.97899719511		0.000987377346
0.980191598263		0.000948837737
0.981342678177		0.000909693369
0.982451461453		0.000870112787
0.98351893294		0.000830254614
0.984546037076		0.000790268047
0.985533679389		0.000750293334
0.986482727793		0.000710462221
0.987394012909		0.000670898424
0.988268328189		0.000631718094
0.989106429939		0.000593030269
0.98990904047		0.00055493716
0.990676850888		0.000517534421
0.991410526216		0.000480911257
0.992110699848		0.000445151049
0.9927779705		0.000410331861
0.993412888964		0.000376527509
0.994015972673		0.000343807166
0.994587716988		0.000312235038
0.9951286118		0.000281869665
0.995639135805		0.000252764414
0.99611973447		0.000224968945
0.996570811189		0.000198530002
0.996992718772		0.000173492199
0.997385788775		0.00014989654
0.997750338687		0.000127780139
0.99808668999		0.00010717525
0.998395143393		8.811088e-05
0.998675964331		7.061385e-05
0.998929344178		5.4711404e-05
0.999155417861		4.0430317e-05
0.999354342377		2.7792047e-05
0.999526288812		1.6813235e-05
0.999671429709		7.50655e-06
0.999789928409		-1.18573e-07
0.999881930225		-6.055299e-06
0.999947555367		-1.0298863e-05
0.999986893515		-1.284616e-05
1.0		-1.3695446e-05
1.0		1.3695446e-05
