1.0		1.3695446e-05
0.999987272387		1.5615298e-05
0.999949078137		2.1376382e-05
0.99988538274		3.0983321e-05
0.999796127742		4.4443957e-05
0.999681229337		6.1769565e-05
0.999540576367		8.2975145e-05
0.999374027715		0.00010807981
0.999181409068		0.000137107264
0.998962509009		0.000170086382
0.998717074396		0.000207051887
0.998444806963		0.000248044848
0.998145413261		0.000293105142
0.997818642255		0.000342265788
0.997464259271		0.000395556872
0.997082032388		0.000453007591
0.996671667542		0.000514655994
0.996232846271		0.000580543286
0.995765239461		0.000650711746
0.995268459951		0.000725211824
0.994742056528		0.000804102998
0.994185540259		0.000887449792
0.993598421317		0.000975316228
0.992980262201		0.00106775786
0.992330631403		0.001164828712
0.991649076991		0.00126658521
0.990935025851		0.001373101185
0.990187833037		0.001484460429
0.989406812873		0.001600751997
0.988591277462		0.001722064435
0.987740532019		0.001848486449
0.98685385095		0.001980110428
0.985930469202		0.002117033683
0.984969578223		0.002259358989
0.983970331583		0.002407193693
0.982931846742		0.002560649394
0.981853206248		0.002719841705
0.980733453449		0.002884890826
0.979571590579		0.003055921753
0.978366577028		0.00323306446
0.977117328641		0.00341645392
0.975822717335		0.003606230077
0.974481570857		0.003802537794
0.973092670229		0.004005527124
0.971654747684		0.004215353517
0.970166484807		0.004432177969
0.968626511775		0.004656167016
0.967033405511		0.004887492873
0.965385688068		0.00512633352
0.963681825601		0.005372872706
0.961920227266		0.005627299936
0.960099243652		0.00588981052
0.958217165764		0.006160605522
0.956272225721		0.006439891451
0.954262593849		0.006727880444
0.952186374508		0.007024790609
0.95004160344		0.007330846126
0.947826248593		0.007646276813
0.945538206791		0.00797131826
0.943175303614		0.00830621147
0.940735292782		0.008651202533
0.938215854901		0.009006542343
0.935614597263		0.009372486123
0.932929054013		0.009749292842
0.93015668511		0.010137224748
0.927294875885		0.010536546744
0.924340937068		0.01094752563
0.92129210663		0.011370429008
0.91814555136		0.011805524142
0.914898363981		0.012253077333
0.911547560977		0.012713353079
0.908090087456		0.013186612148
0.904522818521		0.013673109996
0.900842563903		0.014173094611
0.897046073876		0.014686804025
0.893130042973		0.015214463977
0.889091118387		0.015756284771
0.88492590013		0.016312459056
0.880630938422		0.016883159768
0.876202745733		0.017468535896
0.871637804238		0.018068708654
0.866932580504		0.018683766497
0.862083539379		0.019313760049
0.857087154547		0.019958697262
0.851939920802		0.020618538166
0.846638358259		0.021293190441
0.841179028896		0.021982503236
0.835558553281		0.022686260827
0.829773628727		0.023404176009
0.823821047184		0.024135883492
0.817697713987		0.024880933195
0.811400678913		0.025638782173
0.80492717392		0.026408786015
0.798274626384		0.027190193563
0.791440682743		0.027982140788
0.784423234584		0.028783644957
0.777220448406		0.029593599144
0.769830804923		0.030410766629
0.762253145402		0.031233775793
0.754486687756		0.032061119729
0.746531044655		0.032891157014
0.738386248916		0.033722113293
0.730052803293		0.034552082278
0.721531726591		0.035379029454
0.712824582723		0.036200799879
0.703933499297		0.0370151293
0.694861186389		0.037819657534
0.685610963141		0.038611943503
0.676186762963		0.039389484416
0.666593151768		0.040149735877
0.656835361378		0.040890132884
0.646919278792		0.041608116082
0.636851462334		0.042301157136
0.626639101637		0.042966788796
0.616290030115		0.043602631302
0.60581274078		0.044206418748
0.595216334017		0.044776028742
0.584510550837		0.045309505638
0.57370569686		0.045805087716
0.562812658367		0.046261226793
0.55184285939		0.04667660778
0.540808178841		0.047050165571
0.529720880055		0.047381096419
0.518593530647		0.047668864492
0.507438908677		0.047913203431
0.496269939667		0.048114111946
0.485099607868		0.048271845258
0.473940888597		0.048386901694
0.462806664974		0.048460005681
0.451709656138		0.048492087283
0.440662350965		0.048484259226
0.429676940313		0.048437792162
0.418765259021		0.048354088925
0.407938731784		0.048234658559
0.397208325258		0.048081090831
0.386584504543		0.047895031824
0.376077193233		0.047678161079
0.365695736322		0.047432170661
0.355448869486		0.047158746471
0.345344695502		0.046859552066
0.335390666411		0.046536215042
0.325593571905		0.046190316011
0.315959532515		0.045823380038
0.306494000595		0.045436870495
0.297201768051		0.045032185142
0.288086979929		0.044610654174
0.279153152798		0.044173539956
0.270403195003		0.043722038041
0.261839426901		0.043257279069
0.253463603381		0.042780331384
0.2452769393		0.042292204195
0.237280138183		0.041793851115
0.229473422941		0.041286173875
0.221856567691		0.040770026043
0.214428930236		0.040246216621
0.207189484989		0.039715513449
0.200136853957		0.039178646207
0.193269337392		0.038636309085
0.186584944964		0.038089163207
0.180081424661		0.037537838611
0.173756290269		0.036982935858
0.167606849969		0.036425027541
0.161630232362		0.035864659428
0.155823410029		0.035302351271
0.150183225386		0.034738597771
0.144706411676		0.034173869089
0.13938961269		0.033608611241
0.13422940522		0.033043246857
0.129222312676		0.032478175109
0.124364824556		0.031913772388
0.119653410377		0.031350392532
0.115084530961		0.030788366884
0.110654655877		0.030228005274
0.106360266728		0.029669595438
0.102197876035		0.029113404584
0.098164026539		0.028559678615
0.094255307662		0.028008643787
0.090468354666		0.027460506206
0.086799860583		0.026915453245
0.083246576601		0.026373653485
0.079805319725		0.025835257844
0.076472973714		0.025300399838
0.073246494492		0.024769196645
0.070122909358		0.024241749287
0.0670993237		0.02371814415
0.064172914582		0.023198452353
0.061340943895		0.022682732604
0.058600741018		0.022171028682
0.055949728161		0.021663374749
0.053385387744		0.021159789912
0.050905301867		0.020660286554
0.048507108		0.020164862375
0.046188541938		0.019673509823
0.043947400628		0.019186209286
0.041781563005		0.018702934217
0.039688989923		0.01822365214
0.037667694447		0.017748318659
0.035715797121		0.017276891178
0.033831451165		0.016809312107
0.032012914281		0.016345527008
0.030258499244		0.015885473557
0.028566573912		0.015429081964
0.026935616485		0.014976290954
0.025364113113		0.014527020802
0.023850669278		0.014081205177
0.022393935129		0.013638771583
0.020992593239		0.013199637727
0.019645466086		0.012763746479
0.018351352658		0.012331015768
0.017109162807		0.011901382606
0.015917891468		0.011474798207
0.014776493398		0.011051184286
0.013684110498		0.010630517584
0.012639874735		0.010212761314
0.011642919489		0.009797868054
0.010692595201		0.009385873788
0.009788146213		0.008976767775
0.008928903739		0.008570575752
0.008114384277		0.008167419283
0.007343921579		0.007767344517
0.006617030733		0.007370506667
0.005933337632		0.006977158869
0.005292218575		0.006587455193
0.004693298847		0.006201750782
0.004136223398		0.005820504412
0.003620310437		0.005444050738
0.003145113666		0.005073007283
0.002710133389		0.004708128534
0.002314451618		0.004350011147
0.001957232875		0.003999527029
0.001637579881		0.003657778858
0.001354135786		0.003325705204
0.001105318198		0.003004278484
0.00088947659		0.002694727698
0.000704627586		0.002398200195
0.000548506789		0.002115734139
0.000418662215		0.001848300113
0.000312521225		0.001596821791
0.000227444797		0.001362184367
0.000160786441		0.001145271666
0.000109911899		0.000946883502
7.2165717e-05		0.00076724589
4.5080192e-05		0.000606404183
2.6437819e-05		0.000464397719
1.4274856e-05		0.000341260261
6.884245e-06		0.000237020381
2.817972e-06		0.000151701728
8.88951e-07		8.5323397e-05
1.72473e-07		3.7900101e-05
7.288e-09		9.442149e-06
-3.643e-09		0.0
7.643e-09		-1.5723385e-05
1.75647e-07		-6.2669166e-05
9.02285e-07		-0.000140871162
2.855632e-06		-0.000250265805
6.967223e-06		-0.000390762884
1.4428198e-05		-0.000562243226
2.6684226e-05		-0.000764556334
4.5429117e-05		-0.000997517519
7.2597017e-05		-0.001260904585
0.000110353033		-0.001554453858
0.000161082136		-0.001877855786
0.000227342528		-0.00223058525
0.000311734707		-0.002611532698
0.000416906896		-0.003019456674
0.000545527449		-0.003453054904
0.000700231855		-0.003910922759
0.000883529561		-0.004391440589
0.001097710748		-0.004892734917
0.00134479304		-0.005412752266
0.001626468469		-0.005949302403
0.001944362217		-0.006500600333
0.00229990039		-0.007064946691
0.002694063759		-0.007640381591
0.003127736446		-0.0082252612
0.0036018851		-0.008818390431
0.004117065528		-0.009418336752
0.004673749216		-0.010023862818
0.005272653583		-0.010634206906
0.005914175503		-0.01124842709
0.00659870592		-0.011865733977
0.007326893685		-0.012485674865
0.008099138511		-0.013107652991
0.00891593703		-0.013731224691
0.009777976627		-0.014356132016
0.010685758942		-0.014982007703
0.011639967703		-0.015608638143
0.012641377493		-0.016235875095
0.013690654522		-0.016863506006
0.014788685474		-0.017491452841
0.015936356576		-0.018119626761
0.017134547498		-0.018747927744
0.018384326817		-0.019376343838
0.019686719899		-0.020004824686
0.021042845805		-0.020633351477
0.022453930238		-0.021261937137
0.023921177792		-0.021890567045
0.025445939669		-0.022519272273
0.027029592722		-0.023148074569
0.028673568916		-0.023776999344
0.030379416022		-0.024406097354
0.03214869073		-0.025035403286
0.033983068407		-0.025664975809
0.03588427183		-0.026294870675
0.037854089936		-0.026925147388
0.039894411179		-0.02755587905
0.042007160253		-0.028187131844
0.044194373925		-0.028818987955
0.046458135892		-0.029451525345
0.048800622024		-0.030084830607
0.051224082279		-0.030718993054
0.05373083692		-0.031354103329
0.056323299424		-0.031990258581
0.059003942946		-0.032627553313
0.061775340018		-0.033266088257
0.064640122104		-0.03390595978
0.067601017297		-0.034547267506
0.070660816009		-0.035190105323
0.073822398928		-0.035834566008
0.077088711511		-0.036480734116
0.08046278274		-0.037128687867
0.083947705459		-0.037778492968
0.087546649339		-0.038430202516
0.09126284321		-0.03908385074
0.095099585254		-0.039739451486
0.099060224537		-0.040396991168
0.10314816986		-0.041056426021
0.107366869615		-0.041717673986
0.111719818399		-0.042380610497
0.116210536799		-0.043045059468
0.120842572427		-0.043710787083
0.125619482949		-0.044377492317
0.130544827834		-0.045044798285
0.135622156582		-0.045712242565
0.14085499078		-0.046379266307
0.146246814548		-0.04704520407
0.151801052442		-0.0477092718
0.157521054189		-0.048370555549
0.163410075153		-0.049027999672
0.169471252573		-0.049680394767
0.175707585793		-0.050326366514
0.182121910435		-0.05096436453
0.188716871955		-0.051592652199
0.195494900251		-0.052209297955
0.202458180011		-0.052812167856
0.209608620795		-0.053398920302
0.216947827667		-0.053967003344
0.224477070143		-0.054513654851
0.232197250492		-0.055035906073
0.24010887285		-0.055530589152
0.248212012557		-0.055994348917
0.256506284344		-0.056423659267
0.264990811162		-0.056814844585
0.273664193273		-0.057164106389
0.282524476438		-0.057467555339
0.291569117033		-0.057721248644
0.300794945036		-0.05792123294
0.310198125006		-0.058063592553
0.319774116065		-0.058144502898
0.329517633676		-0.058160288537
0.339422618649		-0.058107485072
0.349482220105		-0.05798290355
0.359688794355		-0.057783695553
0.370033919872		-0.057507416972
0.380508427774		-0.057152088308
0.391102449219		-0.056716249296
0.401805481483		-0.056199005542
0.412606458755		-0.05560006584
0.423493838607		-0.05491976817
0.434455678911		-0.054159094702
0.44547973265		-0.053319673601
0.456553539319		-0.052403768509
0.467664479214		-0.051414259207
0.478799902183		-0.05035460464
0.48994711861		-0.049228808019
0.501093566532		-0.048041356331
0.512226766146		-0.046797173135
0.523334448423		-0.045501547748
0.534404544475		-0.044160074854
0.545425158278		-0.042778594836
0.556384718806		-0.041363110577
0.567271905368		-0.039919731962
0.578075863255		-0.03845458392
0.588786068524		-0.036973762697
0.599392494416		-0.035483255578
0.609885591514		-0.033988889873
0.620256335161		-0.032496278026
0.630496306545		-0.031010763401
0.640597627487		-0.029537393437
0.650553090167		-0.028080871033
0.660356079694		-0.026645542511
0.670000640408		-0.025235371023
0.679481447241		-0.023853929863
0.688793764092		-0.022504403245
0.697933496862		-0.02118957833
0.706897125093		-0.019911859391
0.715681721439		-0.018673273113
0.724284929087		-0.017475483301
0.732704922257		-0.016319810557
0.74094039676		-0.015207249796
0.748990524347		-0.014138494242
0.756854923527		-0.013113958033
0.764533631941		-0.012133799145
0.772027068581		-0.011197943732
0.779336019602		-0.010306107278
0.786461619409		-0.009457816099
0.793405328884		-0.008652428679
0.800168905551		-0.007889157183
0.806754380604		-0.007167087198
0.813164036955		-0.006485196372
0.819400368128		-0.005842373909
0.82546605471		-0.005237436838
0.831363945105		-0.004669144665
0.837097023289		-0.004136214079
0.842668387844		-0.00363733127
0.848081237973		-0.003171162503
0.85333884963		-0.002736364508
0.858444554533		-0.002331593482
0.863401730494		-0.001955512199
0.868213786939		-0.001606796661
0.87288414841		-0.001284142044
0.877416244863		-0.000986267359
0.881813502336		-0.000711919434
0.88607933062		-0.000459876445
0.890217111177		-0.000228950806
0.894230193089		-1.7991059e-05
0.898121885681		0.00017411647
0.901895452748		0.000348446514
0.905554106184		0.000506034036
0.909101003595		0.000647873905
0.912539243736		0.000774920729
0.915871863571		0.000888088998
0.919101834126		0.000988253392
0.922232060493		0.001076249403
0.925265378883		0.001152874
0.928204556697		0.001218886496
0.931052290165		0.001275009458
0.933811205013		0.001321929756
0.936483855281		0.001360299648
0.939072723775		0.001390737926
0.941580221895		0.0014138311
0.94400868958		0.0014301346
0.946360396905		0.001440174002
0.948637543527		0.001444446249
0.950842260833		0.001443420865
0.952976612163		0.001437541167
0.955042594023		0.001427225442
0.957042137958		0.001412868115
0.958977110959		0.001394840882
0.960849317528		0.001373493809
0.962660500778		0.001349156409
0.96441234363		0.001322138677
0.966106470583		0.001292732088
0.967744448813		0.001261210566
0.969327789652		0.001227831412
0.970857950054		0.001192836191
0.972336333888		0.00115645159
0.973764293313		0.001118890236
0.975143130126		0.001080351473
0.976474097092		0.001041022115
0.97775839922		0.001001077153
0.97899719511		0.000960680429
0.980191598263		0.00091998528
0.981342678177		0.000879135154
0.982451461453		0.000838264189
0.98351893294		0.000797497769
0.984546037076		0.000756953035
0.985533679389		0.000716739363
0.986482727793		0.000676958814
0.987394012909		0.000637706601
0.988268328189		0.000599071547
0.989106429939		0.000561136521
0.98990904047		0.000523978713
0.990676850888		0.000487669887
0.991410526216		0.000452276489
0.992110699848		0.000417860237
0.9927779705		0.000384478608
0.993412888964		0.00035218584
0.994015972673		0.000321032533
0.994587716988		0.000291065334
0.9951286118		0.000262326275
0.995639135805		0.000234853238
0.99611973447		0.000208681342
0.996570811189		0.000183843663
0.996992718772		0.000160371962
0.997385788775		0.000138295265
0.997750338687		0.000117639612
0.99808668999		9.8427136e-05
0.998395143393		8.067758e-05
0.998675964331		6.4409268e-05
0.998929344178		4.9641517e-05
0.999155417861		3.6393789e-05
0.999354342377		2.4681179e-05
0.999526288812		1.4514901e-05
0.999671429709		5.903064e-06
0.999789928409		-1.148646e-06
0.999881930225		-6.63638e-06
0.999947555367		-1.0557646e-05
0.999986893515		-1.2910934e-05
1.0		-1.3695446e-05
1.0		1.3695446e-05
