1.0		1.3695446e-05
0.999987272387		1.7059223e-05
0.999949078137		2.7151957e-05
0.99988538274		4.3977923e-05
0.999796127742		6.7544475e-05
0.999681229337		9.7862393e-05
0.999540576367		0.000134946374
0.999374027715		0.000178815658
0.999181409068		0.000229494818
0.998962509009		0.000287014693
0.998717074396		0.000351413484
0.998444806963		0.000422737505
0.998145413261		0.000501027963
0.997818642255		0.00058631109
0.997464259271		0.00067860498
0.997082032388		0.000777923119
0.996671667542		0.000884291175
0.996232846271		0.000997737004
0.995765239461		0.001118286982
0.995268459951		0.001245978087
0.994742056528		0.001380859144
0.994185540259		0.001522983786
0.993598421317		0.001672400843
0.992980262201		0.001829140792
0.992330631403		0.001993227622
0.991649076991		0.002164685459
0.990935025851		0.002343563613
0.990187833037		0.002529923599
0.989406812873		0.002723830956
0.988591277462		0.002925345432
0.987740532019		0.003134522037
0.98685385095		0.003351416774
0.985930469202		0.003576088486
0.984969578223		0.003808599518
0.983970331583		0.004049014024
0.982931846742		0.004297397243
0.981853206248		0.004553814915
0.980733453449		0.004818334013
0.979571590579		0.005091022881
0.978366577028		0.005371951316
0.977117328641		0.005661190408
0.975822717335		0.005958812301
0.974481570857		0.006264889938
0.973092670229		0.006579497328
0.971654747684		0.006902709703
0.970166484807		0.007234603622
0.968626511775		0.007575256825
0.967033405511		0.007924748353
0.965385688068		0.008283158612
0.963681825601		0.008650569328
0.961920227266		0.009027063536
0.960099243652		0.009412725689
0.958217165764		0.00980764168
0.956272225721		0.010211898531
0.954262593849		0.01062558488
0.952186374508		0.011048791749
0.95004160344		0.011481612992
0.947826248593		0.011924145096
0.945538206791		0.012376487852
0.943175303614		0.01283874444
0.940735292782		0.013311021656
0.938215854901		0.013793430337
0.935614597263		0.014286085629
0.932929054013		0.014789107256
0.93015668511		0.015302620086
0.927294875885		0.015826754632
0.924340937068		0.016361647534
0.92129210663		0.01690744176
0.91814555136		0.017464286938
0.914898363981		0.018032340509
0.911547560977		0.018611768743
0.908090087456		0.019202746542
0.904522818521		0.01980545787
0.900842563903		0.020420095614
0.897046073876		0.021046861221
0.893130042973		0.021685964645
0.889091118387		0.022337623445
0.88492590013		0.023002063085
0.880630938422		0.023679517423
0.876202745733		0.02437022661
0.871637804238		0.025074435457
0.866932580504		0.025792390357
0.862083539379		0.026524335976
0.857087154547		0.027270512015
0.851939920802		0.028031149152
0.846638358259		0.028806465573
0.841179028896		0.029596660952
0.835558553281		0.030401909703
0.829773628727		0.031222353255
0.823821047184		0.032058091542
0.817697713987		0.032909173524
0.811400678913		0.033775585157
0.80492717392		0.034657235698
0.798274626384		0.03555394664
0.791440682743		0.036465438474
0.784423234584		0.037391316544
0.777220448406		0.038331056023
0.769830804923		0.0392839855
0.762253145402		0.040249269873
0.754486687756		0.041225897611
0.746531044655		0.042212668436
0.738386248916		0.043208181214
0.730052803293		0.04421082054
0.721531726591		0.045218746136
0.712824582723		0.0462298871
0.703933499297		0.047241940558
0.694861186389		0.048252373848
0.685610963141		0.049258429873
0.676186762963		0.050257139202
0.666593151768		0.051245335298
0.656835361378		0.052219673117
0.646919278792		0.053176657125
0.636851462334		0.054112671167
0.626639101637		0.05502401783
0.616290030115		0.055906956326
0.60581274078		0.0567577436
0.595216334017		0.057572683449
0.584510550837		0.058348169968
0.57370569686		0.059080739793
0.562812658367		0.059767116378
0.55184285939		0.060404256708
0.540808178841		0.060989396469
0.529720880055		0.061520088848
0.518593530647		0.061994237348
0.507438908677		0.062410121702
0.496269939667		0.06276641452
0.485099607868		0.063062190964
0.473940888597		0.063296929594
0.462806664974		0.063470505932
0.451709656138		0.063583178425
0.440662350965		0.063635567923
0.429676940313		0.063628631715
0.418765259021		0.063563633067
0.407938731784		0.063442107562
0.397208325258		0.063265827393
0.386584504543		0.063036764754
0.376077193233		0.0627570553
0.365695736322		0.06242896252
0.355448869486		0.062054843864
0.345344695502		0.061637119314
0.335390666411		0.061178242848
0.325593571905		0.060680677152
0.315959532515		0.060146871656
0.306494000595		0.059579244112
0.297201768051		0.058980165617
0.288086979929		0.058351948902
0.279153152798		0.0576968396
0.270403195003		0.057017009974
0.261839426901		0.056314554589
0.253463603381		0.055591487709
0.2452769393		0.05484974216
0.237280138183		0.054091169435
0.229473422941		0.053317540707
0.221856567691		0.052530548469
0.214428930236		0.051731808567
0.207189484989		0.050922862488
0.200136853957		0.050105179531
0.193269337392		0.049280158924
0.186584944964		0.048449131983
0.180081424661		0.047613363956
0.173756290269		0.046774055641
0.167606849969		0.045932345128
0.161630232362		0.045089309252
0.155823410029		0.044245964747
0.150183225386		0.043403269841
0.144706411676		0.042562125312
0.13938961269		0.041723375517
0.13422940522		0.040887810079
0.129222312676		0.040056164427
0.124364824556		0.039229121527
0.119653410377		0.038407313005
0.115084530961		0.037591320078
0.110654655877		0.03678167586
0.106360266728		0.035978865434
0.102197876035		0.035183329023
0.098164026539		0.034395461817
0.094255307662		0.033615617276
0.090468354666		0.03284410734
0.086799860583		0.032081205367
0.083246576601		0.031327146944
0.079805319725		0.030582132371
0.076472973714		0.02984632788
0.073246494492		0.029119867961
0.070122909358		0.028402856433
0.0670993237		0.027695369301
0.064172914582		0.026997454675
0.061340943895		0.026309137341
0.058600741018		0.025630416095
0.055949728161		0.024961271484
0.053385387744		0.024301659234
0.050905301867		0.023651521821
0.048507108		0.023010778618
0.046188541938		0.0223793387
0.043947400628		0.02175709252
0.041781563005		0.021143918996
0.039688989923		0.020539687168
0.037667694447		0.019944249061
0.035715797121		0.019357457291
0.033831451165		0.018779144378
0.032012914281		0.01820914566
0.030258499244		0.017647285818
0.028566573912		0.01709337977
0.026935616485		0.016547252243
0.025364113113		0.016008705301
0.023850669278		0.015477556927
0.022393935129		0.014953617495
0.020992593239		0.014436685802
0.019645466086		0.013926590259
0.018351352658		0.013423129966
0.017109162807		0.012926126395
0.015917891468		0.012435417235
0.014776493398		0.011950806155
0.013684110498		0.011472159724
0.012639874735		0.010999328453
0.011642919489		0.010532150564
0.010692595201		0.010070557533
0.009788146213		0.009614427213
0.008928903739		0.009163677433
0.008114384277		0.008718330701
0.007343921579		0.00827832427
0.006617030733		0.007843713945
0.005933337632		0.007414659932
0.005292218575		0.006991211773
0.004693298847		0.006573635412
0.004136223398		0.006162305198
0.003620310437		0.005757458635
0.003145113666		0.005359635348
0.002710133389		0.004969518194
0.002314451618		0.004587619086
0.001957232875		0.004214743033
0.001637579881		0.003851939417
0.001354135786		0.003500083712
0.001105318198		0.003160090426
0.00088947659		0.002833149645
0.000704627586		0.002520370387
0.000548506789		0.002222753785
0.000418662215		0.001941238565
0.000312521225		0.0016767237
0.000227444797		0.00143007761
0.000160786441		0.001202177099
0.000109911899		0.000993820096
7.2165717e-05		0.000805210888
4.5080192e-05		0.000636372353
2.6437819e-05		0.000487327957
1.4274856e-05		0.000358100815
6.884245e-06		0.000248712836
2.817972e-06		0.000159183899
8.88951e-07		8.9531302e-05
1.72473e-07		3.9769162e-05
7.288e-09		9.907789e-06
-3.643e-09		0.0
7.643e-09		-1.0086178e-05
1.75647e-07		-4.0200797e-05
9.02285e-07		-9.0365668e-05
2.855632e-06		-0.000160540461
6.967223e-06		-0.00025066847
1.4428198e-05		-0.000360675641
2.6684226e-05		-0.000490469726
4.5429117e-05		-0.000639939234
7.2597017e-05		-0.000808952214
0.000110353033		-0.000997354736
0.000161082136		-0.001204969172
0.000227342528		-0.001431486388
0.000311734707		-0.001676229688
0.000416906896		-0.001938445903
0.000545527449		-0.002217351579
0.000700231855		-0.002512106608
0.000883529561		-0.002821741586
0.001097710748		-0.003145131995
0.00134479304		-0.00348104439
0.001626468469		-0.003828162529
0.001944362217		-0.004185436689
0.00229990039		-0.004551876712
0.002694063759		-0.004926325545
0.003127736446		-0.005307832023
0.0036018851		-0.005695738343
0.004117065528		-0.00608923178
0.004673749216		-0.006487625915
0.005272653583		-0.00689054647
0.005914175503		-0.007297500212
0.00659870592		-0.007708093413
0.007326893685		-0.008122155974
0.008099138511		-0.008539422198
0.00891593703		-0.008959728703
0.009777976627		-0.009383038356
0.010685758942		-0.009809241618
0.011639967703		-0.010238334742
0.012641377493		-0.010670361396
0.013690654522		-0.011105323685
0.014788685474		-0.011543319695
0.015936356576		-0.01198444402
0.017134547498		-0.012428787208
0.018384326817		-0.012876506349
0.019686719899		-0.013327736262
0.021042845805		-0.013782639242
0.022453930238		-0.014241406112
0.023921177792		-0.014704213379
0.025445939669		-0.015171276988
0.027029592722		-0.015642812398
0.028673568916		-0.016119044115
0.030379416022		-0.016600222428
0.03214869073		-0.01708659213
0.033983068407		-0.01757842321
0.03588427183		-0.018075990324
0.037854089936		-0.01857957782
0.039894411179		-0.019089487645
0.042007160253		-0.019606022771
0.044194373925		-0.020129505569
0.046458135892		-0.020660261087
0.048800622024		-0.021198627282
0.051224082279		-0.021744949756
0.05373083692		-0.022299579991
0.056323299424		-0.022862879271
0.059003942946		-0.023435209952
0.061775340018		-0.024016942512
0.064640122104		-0.024608445111
0.067601017297		-0.025210089459
0.070660816009		-0.025822241339
0.073822398928		-0.026445263607
0.077088711511		-0.027079508008
0.08046278274		-0.027725315398
0.083947705459		-0.028383008005
0.087546649339		-0.02905288751
0.09126284321		-0.029735226791
0.095099585254		-0.030430266347
0.099060224537		-0.031138204846
0.10314816986		-0.031859194054
0.107366869615		-0.032593327915
0.111719818399		-0.033340635745
0.116210536799		-0.034101070079
0.120842572427		-0.034874497554
0.125619482949		-0.035660686097
0.130544827834		-0.036459293016
0.135622156582		-0.037269851971
0.14085499078		-0.038091758527
0.146246814548		-0.038924256718
0.151801052442		-0.039766423452
0.157521054189		-0.040617154
0.163410075153		-0.041475147025
0.169471252573		-0.042338889471
0.175707585793		-0.043206642808
0.182121910435		-0.044076429519
0.188716871955		-0.044946021007
0.195494900251		-0.045812927583
0.202458180011		-0.046674390254
0.209608620795		-0.047527375394
0.216947827667		-0.048368572858
0.224477070143		-0.049194397802
0.232197250492		-0.050000996858
0.24010887285		-0.050784259311
0.248212012557		-0.051539833638
0.256506284344		-0.052263149692
0.264990811162		-0.052949447015
0.273664193273		-0.053593809476
0.282524476438		-0.054191206246
0.291569117033		-0.054736539019
0.300794945036		-0.055224695519
0.310198125006		-0.055650609081
0.319774116065		-0.056009323974
0.329517633676		-0.056296065892
0.339422618649		-0.056506316721
0.349482220105		-0.056635892121
0.359688794355		-0.056681019773
0.370033919872		-0.056638415859
0.380508427774		-0.056505357196
0.391102449219		-0.056279746405
0.401805481483		-0.055960167473
0.412606458755		-0.055545929759
0.423493838607		-0.055037098459
0.434455678911		-0.054434511282
0.44547973265		-0.053739779617
0.456553539319		-0.052955274735
0.467664479214		-0.0520841024
0.478799902183		-0.051130058578
0.48994711861		-0.050097583994
0.501093566532		-0.048991693322
0.512226766146		-0.047817914684
0.523334448423		-0.04658220625
0.534404544475		-0.045290881867
0.545425158278		-0.043950537592
0.556384718806		-0.04256795568
0.567271905368		-0.041150035809
0.578075863255		-0.039703691452
0.588786068524		-0.038235794454
0.599392494416		-0.036753084897
0.609885591514		-0.035262111083
0.620256335161		-0.033769167113
0.630496306545		-0.032280232512
0.640597627487		-0.030800940656
0.650553090167		-0.02933652679
0.660356079694		-0.027891814055
0.670000640408		-0.026471186119
0.679481447241		-0.025078580934
0.688793764092		-0.023717492976
0.697933496862		-0.022390967478
0.706897125093		-0.021101617618
0.715681721439		-0.019851633289
0.724284929087		-0.018642799719
0.732704922257		-0.01747652134
0.74094039676		-0.016353843583
0.748990524347		-0.015275481226
0.756854923527		-0.014241845251
0.764533631941		-0.013253069861
0.772027068581		-0.012309040712
0.779336019602		-0.011409419662
0.786461619409		-0.010553669583
0.793405328884		-0.009741078684
0.800168905551		-0.008970784693
0.806754380604		-0.008241796916
0.813164036955		-0.007553016865
0.819400368128		-0.006903259449
0.82546605471		-0.006291270615
0.831363945105		-0.005715743092
0.837097023289		-0.005175331955
0.842668387844		-0.00466866756
0.848081237973		-0.004194366525
0.85333884963		-0.003751042367
0.858444554533		-0.003337314601
0.863401730494		-0.0029518158
0.868213786939		-0.002593198104
0.87288414841		-0.002260138944
0.877416244863		-0.0019513454
0.881813502336		-0.001665557834
0.88607933062		-0.001401553047
0.890217111177		-0.001158146766
0.894230193089		-0.000934195113
0.898121885681		-0.000728595836
0.901895452748		-0.000540289048
0.905554106184		-0.000368257647
0.909101003595		-0.000211527241
0.912539243736		-6.9165934e-05
0.915871863571		5.9716173e-05
0.919101834126		0.00017596762
0.922232060493		0.000280396532
0.925265378883		0.000373771565
0.928204556697		0.000456823044
0.931052290165		0.000530244101
0.933811205013		0.000594691956
0.936483855281		0.000650789177
0.939072723775		0.000699125013
0.941580221895		0.000740256712
0.94400868958		0.00077471086
0.946360396905		0.000802984725
0.948637543527		0.00082554756
0.950842260833		0.000842841912
0.952976612163		0.000855284888
0.955042594023		0.000863269394
0.957042137958		0.00086716534
0.958977110959		0.000867320809
0.960849317528		0.000864063178
0.962660500778		0.000857700206
0.96441234363		0.000848521078
0.966106470583		0.000836797403
0.967744448813		0.000822784177
0.969327789652		0.000806720698
0.970857950054		0.000788831445
0.972336333888		0.000769326909
0.973764293313		0.000748404394
0.975143130126		0.000726248772
0.976474097092		0.000703033204
0.97775839922		0.000678919822
0.97899719511		0.000654060377
0.980191598263		0.000628596852
0.981342678177		0.000602662045
0.982451461453		0.000576380119
0.98351893294		0.000549867125
0.984546037076		0.000523231486
0.985533679389		0.00049657445
0.986482727793		0.000469990513
0.987394012909		0.000443567852
0.988268328189		0.000417388735
0.989106429939		0.000391529919
0.98990904047		0.000366062931
0.990676850888		0.000341054317
0.991410526216		0.000316565798
0.992110699848		0.00029265474
0.9927779705		0.00026937456
0.993412888964		0.000246775489
0.994015972673		0.000224904354
0.994587716988		0.000203804411
0.9951286118		0.00018351491
0.995639135805		0.000164071467
0.99611973447		0.000145507069
0.996570811189		0.000127852635
0.996992718772		0.000111137567
0.997385788775		9.538878e-05
0.997750338687		8.0630542e-05
0.99808668999		6.6883837e-05
0.998395143393		5.416747e-05
0.998675964331		4.2498782e-05
0.998929344178		3.1895401e-05
0.999155417861		2.2374664e-05
0.999354342377		1.3950389e-05
0.999526288812		6.633221e-06
0.999671429709		4.31203e-07
0.999789928409		-4.649726e-06
0.999881930225		-8.605299e-06
0.999947555367		-1.1432573e-05
0.999986893515		-1.3129643e-05
1.0		-1.3695446e-05
1.0		1.3695446e-05
